1 0 0 00000000 00000000
1 0 1 00000000 00000000
1 0 2 00000000 00000000
1 0 3 00000000 00000000
1 0 4 00000000 00000000
1 0 5 00000000 00000000
1 0 6 00000000 00000000
1 0 7 00000000 00000000
1 0 8 00000000 00000000
1 0 9 00000000 00000000
1 0 10 00000000 00000000
1 0 11 00000000 00000000
1 0 12 00000000 00000000
1 0 13 00000000 00000000
1 0 14 00000000 00000000
1 0 15 00000000 00000000
1 0 16 00000000 00000000
1 0 17 00000000 00000000
1 0 18 00000000 00000000
1 0 19 00000000 00000000
1 0 20 00000000 00000000
1 0 21 00000000 00000000
1 0 22 00000000 00000000
1 0 23 00000000 00000000
1 0 24 00000000 00000000
1 0 25 00000000 00000000
1 0 26 00000000 00000000
1 0 27 00000000 00000000
1 0 28 00000000 00000000
1 0 29 00000000 00000000
1 0 30 00000000 00000000
1 0 31 00000000 00000000
1 0 32 00000000 00000000
1 0 33 00000000 00000000
1 0 34 00000000 00000000
1 0 35 00000000 00000000
1 0 36 00000000 00000000
1 0 37 00000000 00000000
1 0 38 00000000 00000000
1 0 39 00000000 00000000
1 0 40 00000000 00000000
1 0 41 00000000 00000000
1 0 42 00000000 00000000
1 0 43 00000000 00000000
1 0 44 00000000 00000000
1 0 45 00000000 00000000
1 0 46 00000000 00000000
1 0 47 00000000 00000000
1 0 48 00000000 00000000
1 0 49 00000000 00000000
1 0 50 00000000 00000000
1 0 51 00000000 00000000
1 0 52 00000000 00000000
1 0 53 00000000 00000000
1 0 54 00000000 00000000
1 0 55 00000000 00000000
1 0 56 00000000 00000000
1 0 57 00000000 00000000
1 0 58 00000000 00000000
1 0 59 00000000 00000000
1 0 60 00000000 00000000
1 0 61 00000000 00000000
1 0 62 00000000 00000000
1 0 63 00000000 00000000
1 0 64 00000000 00000000
1 0 65 00000000 00000000
1 0 66 00000000 00000000
1 0 67 00000000 00000000
1 0 68 00000000 00000000
1 0 69 00000000 00000000
1 0 70 00000000 00000000
1 0 71 00000000 00000000
1 0 72 00000000 00000000
1 0 73 00000000 00000000
1 0 74 00000000 00000000
1 0 75 00000000 00000000
1 0 76 00000000 00000000
1 0 77 00000000 00000000
1 0 78 00000000 00000000
1 0 79 00000000 00000000
1 0 80 00000000 00000000
1 0 81 00000000 00000000
1 0 82 00000000 00000000
1 0 83 00000000 00000000
1 0 84 00000000 00000000
1 0 85 00000000 00000000
1 0 86 00000000 00000000
1 0 87 00000000 00000000
1 0 88 00000000 00000000
1 0 89 00000000 00000000
1 0 90 00000000 00000000
1 0 91 00000000 00000000
1 0 92 00000000 00000000
1 0 93 00000000 00000000
1 0 94 00000000 00000000
1 0 95 00000000 00000000
1 0 96 00000000 00000000
1 0 97 00000000 00000000
1 0 98 00000000 00000000
1 0 99 00000000 00000000
1 0 100 00000000 00000000
1 0 101 00000000 00000000
1 0 102 00000000 00000000
1 0 103 00000000 00000000
1 0 104 00000000 00000000
1 0 105 00000000 00000000
1 0 106 00000000 00000000
1 0 107 00000000 00000000
1 0 108 00000000 00000000
1 0 109 00000000 00000000
1 0 110 00000000 00000000
1 0 111 00000000 00000000
1 0 112 00000000 00000000
1 0 113 00000000 00000000
1 0 114 00000000 00000000
1 0 115 00000000 00000000
1 0 116 00000000 00000000
1 0 117 00000000 00000000
1 0 118 00000000 00000000
1 0 119 00000000 00000000
1 0 120 00000000 00000000
1 0 121 00000000 00000000
1 0 122 00000000 00000000
1 0 123 00000000 00000000
1 0 124 00000000 00000000
1 0 125 00000000 00000000
1 0 126 00000000 00000000
1 0 127 00000000 00000000
1 0 128 00000000 00000000
1 0 129 00000000 00000000
1 0 130 00000000 00000000
1 0 131 00000000 00000000
1 0 132 00000000 00000000
1 0 133 00000000 00000000
1 0 134 00000000 00000000
1 0 135 00000000 00000000
1 0 136 00000000 00000000
1 0 137 00000000 00000000
1 0 138 00000000 00000000
1 0 139 00000000 00000000
1 0 140 00000000 00000000
1 0 141 00000000 00000000
1 0 142 00000000 00000000
1 0 143 00000000 00000000
1 0 144 00000000 00000000
1 0 145 00000000 00000000
1 0 146 00000000 00000000
1 0 147 00000000 00000000
1 0 148 00000000 00000000
1 0 149 00000000 00000000
1 0 150 00000000 00000000
1 0 151 00000000 00000000
1 0 152 00000000 00000000
1 0 153 00000000 00000000
1 0 154 00000000 00000000
1 0 155 00000000 00000000
1 0 156 00000000 00000000
1 0 157 00000000 00000000
1 0 158 00000000 00000000
1 0 159 00000000 00000000
1 0 160 00000000 00000000
1 0 161 00000000 00000000
1 0 162 00000000 00000000
1 0 163 00000000 00000000
1 0 164 00000000 00000000
1 0 165 00000000 00000000
1 0 166 00000000 00000000
1 0 167 00000000 00000000
1 0 168 00000000 00000000
1 0 169 00000000 00000000
1 0 170 00000000 00000000
1 0 171 00000000 00000000
1 0 172 00000000 00000000
1 0 173 00000000 00000000
1 0 174 00000000 00000000
1 0 175 00000000 00000000
1 0 176 00000000 00000000
1 0 177 00000000 00000000
1 0 178 00000000 00000000
1 0 179 00000000 00000000
1 0 180 00000000 00000000
1 0 181 00000000 00000000
1 0 182 00000000 00000000
1 0 183 00000000 00000000
1 0 184 00000000 00000000
1 0 185 00000000 00000000
1 0 186 00000000 00000000
1 0 187 00000000 00000000
1 0 188 00000000 00000000
1 0 189 00000000 00000000
1 0 190 00000000 00000000
1 0 191 00000000 00000000
1 0 192 00000000 00000000
1 0 193 00000000 00000000
1 0 194 00000000 00000000
1 0 195 00000000 00000000
1 0 196 00000000 00000000
1 0 197 00000000 00000000
1 0 198 00000000 00000000
1 0 199 00000000 00000000
1 0 200 00000000 00000000
1 0 201 00000000 00000000
1 0 202 00000000 00000000
1 0 203 00000000 00000000
1 0 204 00000000 00000000
1 0 205 00000000 00000000
1 0 206 00000000 00000000
1 0 207 00000000 00000000
1 0 208 00000000 00000000
1 0 209 00000000 00000000
1 0 210 00000000 00000000
1 0 211 00000000 00000000
1 0 212 00000000 00000000
1 0 213 00000000 00000000
1 0 214 00000000 00000000
1 0 215 00000000 00000000
1 0 216 00000000 00000000
1 0 217 00000000 00000000
1 0 218 00000000 00000000
1 0 219 00000000 00000000
1 0 220 00000000 00000000
1 0 221 00000000 00000000
1 0 222 00000000 00000000
1 0 223 00000000 00000000
1 0 224 00000000 00000000
1 0 225 00000000 00000000
1 0 226 00000000 00000000
1 0 227 00000000 00000000
1 0 228 00000000 00000000
1 0 229 00000000 00000000
1 0 230 00000000 00000000
1 0 231 00000000 00000000
1 0 232 00000000 00000000
1 0 233 00000000 00000000
1 0 234 00000000 00000000
1 0 235 00000000 00000000
1 0 236 00000000 00000000
1 0 237 00000000 00000000
1 0 238 00000000 00000000
1 0 239 00000000 00000000
1 0 240 00000000 00000000
1 0 241 00000000 00000000
1 0 242 00000000 00000000
1 0 243 00000000 00000000
1 0 244 00000000 00000000
1 0 245 00000000 00000000
1 0 246 00000000 00000000
1 0 247 00000000 00000000
1 0 248 00000000 00000000
1 0 249 00000000 00000000
1 0 250 00000000 00000000
1 0 251 00000000 00000000
1 0 252 00000000 00000000
1 0 253 00000000 00000000
1 0 254 00000000 00000000
1 0 255 00000000 00000000
1 0 256 00000000 00000000
1 0 257 00000000 00000000
1 0 258 00000000 00000000
1 0 259 00000000 00000000
1 0 260 00000000 00000000
1 0 261 00000000 00000000
1 0 262 00000000 00000000
1 0 263 00000000 00000000
1 0 264 00000000 00000000
1 0 265 00000000 00000000
1 0 266 00000000 00000000
1 0 267 00000000 00000000
1 0 268 00000000 00000000
1 0 269 00000000 00000000
1 0 270 00000000 00000000
1 0 271 00000000 00000000
1 0 272 00000000 00000000
1 0 273 00000000 00000000
1 0 274 00000000 00000000
1 0 275 00000000 00000000
1 0 276 00000000 00000000
1 0 277 00000000 00000000
1 0 278 00000000 00000000
1 0 279 00000000 00000000
1 0 280 00000000 00000000
1 0 281 00000000 00000000
1 0 282 00000000 00000000
1 0 283 00000000 00000000
1 0 284 00000000 00000000
1 0 285 00000000 00000000
1 0 286 00000000 00000000
1 0 287 00000000 00000000
1 0 288 00000000 00000000
1 0 289 00000000 00000000
1 0 290 00000000 00000000
1 0 291 00000000 00000000
1 0 292 00000000 00000000
1 0 293 00000000 00000000
1 0 294 00000000 00000000
1 0 295 00000000 00000000
1 0 296 00000000 00000000
1 0 297 00000000 00000000
1 0 298 00000000 00000000
1 0 299 00000000 00000000
1 0 300 00000000 00000000
1 0 301 00000000 00000000
1 0 302 00000000 00000000
1 0 303 00000000 00000000
1 0 304 00000000 00000000
1 0 305 00000000 00000000
1 0 306 00000000 00000000
1 0 307 00000000 00000000
1 0 308 00000000 00000000
1 0 309 00000000 00000000
1 0 310 00000000 00000000
1 0 311 00000000 00000000
1 0 312 00000000 00000000
1 0 313 00000000 00000000
1 0 314 00000000 00000000
1 0 315 00000000 00000000
1 0 316 00000000 00000000
1 0 317 00000000 00000000
1 0 318 00000000 00000000
1 0 319 00000000 00000000
1 0 320 00000000 00000000
1 0 321 00000000 00000000
1 0 322 00000000 00000000
1 0 323 00000000 00000000
1 0 324 00000000 00000000
1 0 325 00000000 00000000
1 0 326 00000000 00000000
1 0 327 00000000 00000000
1 0 328 00000000 00000000
1 0 329 00000000 00000000
1 0 330 00000000 00000000
1 0 331 00000000 00000000
1 0 332 00000000 00000000
1 0 333 00000000 00000000
1 0 334 00000000 00000000
1 0 335 00000000 00000000
1 0 336 00000000 00000000
1 0 337 00000000 00000000
1 0 338 00000000 00000000
1 0 339 00000000 00000000
1 0 340 00000000 00000000
1 0 341 00000000 00000000
1 0 342 00000000 00000000
1 0 343 00000000 00000000
1 0 344 00000000 00000000
1 0 345 00000000 00000000
1 0 346 00000000 00000000
1 0 347 00000000 00000000
1 0 348 00000000 00000000
1 0 349 00000000 00000000
1 0 350 00000000 00000000
1 0 351 00000000 00000000
1 0 352 00000000 00000000
1 0 353 00000000 00000000
1 0 354 00000000 00000000
1 0 355 00000000 00000000
1 0 356 00000000 00000000
1 0 357 00000000 00000000
1 0 358 00000000 00000000
1 0 359 00000000 00000000
1 0 360 00000000 00000000
1 0 361 00000000 00000000
1 0 362 00000000 00000000
1 0 363 00000000 00000000
1 0 364 00000000 00000000
1 0 365 00000000 00000000
1 0 366 00000000 00000000
1 0 367 00000000 00000000
1 0 368 00000000 00000000
1 0 369 00000000 00000000
1 0 370 00000000 00000000
1 0 371 00000000 00000000
1 0 372 00000000 00000000
1 0 373 00000000 00000000
1 0 374 00000000 00000000
1 0 375 00000000 00000000
1 0 376 00000000 00000000
1 0 377 00000000 00000000
1 0 378 00000000 00000000
1 0 379 00000000 00000000
1 0 380 00000000 00000000
1 0 381 00000000 00000000
1 0 382 00000000 00000000
1 0 383 00000000 00000000
1 0 384 00000000 00000000
1 0 385 00000000 00000000
1 0 386 00000000 00000000
1 0 387 00000000 00000000
1 0 388 00000000 00000000
1 0 389 00000000 00000000
1 0 390 00000000 00000000
1 0 391 00000000 00000000
1 0 392 00000000 00000000
1 0 393 00000000 00000000
1 0 394 00000000 00000000
1 0 395 00000000 00000000
1 0 396 00000000 00000000
1 0 397 00000000 00000000
1 0 398 00000000 00000000
1 0 399 00000000 00000000
1 0 400 00000000 00000000
1 0 401 00000000 00000000
1 0 402 00000000 00000000
1 0 403 00000000 00000000
1 0 404 00000000 00000000
1 0 405 00000000 00000000
1 0 406 00000000 00000000
1 0 407 00000000 00000000
1 0 408 00000000 00000000
1 0 409 00000000 00000000
1 0 410 00000000 00000000
1 0 411 00000000 00000000
1 0 412 00000000 00000000
1 0 413 00000000 00000000
1 0 414 00000000 00000000
1 0 415 00000000 00000000
1 0 416 00000000 00000000
1 0 417 00000000 00000000
1 0 418 00000000 00000000
1 0 419 00000000 00000000
1 0 420 00000000 00000000
1 0 421 00000000 00000000
1 0 422 00000000 00000000
1 0 423 00000000 00000000
1 0 424 00000000 00000000
1 0 425 00000000 00000000
1 0 426 00000000 00000000
1 0 427 00000000 00000000
1 0 428 00000000 00000000
1 0 429 00000000 00000000
1 0 430 00000000 00000000
1 0 431 00000000 00000000
1 0 432 00000000 00000000
1 0 433 00000000 00000000
1 0 434 00000000 00000000
1 0 435 00000000 00000000
1 0 436 00000000 00000000
1 0 437 00000000 00000000
1 0 438 00000000 00000000
1 0 439 00000000 00000000
1 0 440 00000000 00000000
1 0 441 00000000 00000000
1 0 442 00000000 00000000
1 0 443 00000000 00000000
1 0 444 00000000 00000000
1 0 445 00000000 00000000
1 0 446 00000000 00000000
1 0 447 00000000 00000000
1 0 448 00000000 00000000
1 0 449 00000000 00000000
1 0 450 00000000 00000000
1 0 451 00000000 00000000
1 0 452 00000000 00000000
1 0 453 00000000 00000000
1 0 454 00000000 00000000
1 0 455 00000000 00000000
1 0 456 00000000 00000000
1 0 457 00000000 00000000
1 0 458 00000000 00000000
1 0 459 00000000 00000000
1 0 460 00000000 00000000
1 0 461 00000000 00000000
1 0 462 00000000 00000000
1 0 463 00000000 00000000
1 0 464 00000000 00000000
1 0 465 00000000 00000000
1 0 466 00000000 00000000
1 0 467 00000000 00000000
1 0 468 00000000 00000000
1 0 469 00000000 00000000
1 0 470 00000000 00000000
1 0 471 00000000 00000000
1 0 472 00000000 00000000
1 0 473 00000000 00000000
1 0 474 00000000 00000000
1 0 475 00000000 00000000
1 0 476 00000000 00000000
1 0 477 00000000 00000000
1 0 478 00000000 00000000
1 0 479 00000000 00000000
1 0 480 00000000 00000000
1 0 481 00000000 00000000
1 0 482 00000000 00000000
1 0 483 00000000 00000000
1 0 484 00000000 00000000
1 0 485 00000000 00000000
1 0 486 00000000 00000000
1 0 487 00000000 00000000
1 0 488 00000000 00000000
1 0 489 00000000 00000000
1 0 490 00000000 00000000
1 0 491 00000000 00000000
1 0 492 00000000 00000000
1 0 493 00000000 00000000
1 0 494 00000000 00000000
1 0 495 00000000 00000000
1 0 496 00000000 00000000
1 0 497 00000000 00000000
1 0 498 00000000 00000000
1 0 499 00000000 00000000
1 0 500 00000000 00000000
1 0 501 00000000 00000000
1 0 502 00000000 00000000
1 0 503 00000000 00000000
1 0 504 00000000 00000000
1 0 505 00000000 00000000
1 0 506 00000000 00000000
1 0 507 00000000 00000000
1 0 508 00000000 00000000
1 0 509 00000000 00000000
1 0 510 00000000 00000000
1 0 511 00000000 00000000
0 1 0 1EB851EC 00000000
0 1 1 00000000 00000000
0 1 2 00000000 00000000
0 1 3 00000000 E6666666
0 1 4 00000000 00000000
0 1 5 00000000 00000000
0 1 6 00000000 00000000
0 1 7 00000000 00000000
0 1 8 00000000 00000000
0 1 9 00000000 00000000
0 1 10 00000000 00000000
0 1 11 00000000 00000000
0 1 12 00000000 00000000
0 1 13 00000000 00000000
0 1 14 00000000 00000000
0 1 15 00000000 00000000
0 1 16 00000000 00000000
0 1 17 00000000 00000000
0 1 18 00000000 00000000
0 1 19 00000000 00000000
0 1 20 00000000 00000000
0 1 21 00000000 00000000
0 1 22 00000000 00000000
0 1 23 00000000 00000000
0 1 24 00000000 00000000
0 1 25 00000000 00000000
0 1 26 00000000 00000000
0 1 27 00000000 00000000
0 1 28 00000000 00000000
0 1 29 00000000 00000000
0 1 30 00000000 00000000
0 1 31 00000000 00000000
0 1 32 00000000 00000000
0 1 33 00000000 00000000
0 1 34 00000000 00000000
0 1 35 00000000 00000000
0 1 36 00000000 00000000
0 1 37 00000000 00000000
0 1 38 00000000 00000000
0 1 39 00000000 00000000
0 1 40 00000000 00000000
0 1 41 00000000 00000000
0 1 42 00000000 00000000
0 1 43 00000000 00000000
0 1 44 00000000 00000000
0 1 45 00000000 00000000
0 1 46 00000000 00000000
0 1 47 00000000 00000000
0 1 48 00000000 00000000
0 1 49 00000000 00000000
0 1 50 00000000 00000000
0 1 51 00000000 00000000
0 1 52 00000000 00000000
0 1 53 00000000 00000000
0 1 54 00000000 00000000
0 1 55 00000000 00000000
0 1 56 00000000 00000000
0 1 57 00000000 00000000
0 1 58 00000000 00000000
0 1 59 00000000 00000000
0 1 60 00000000 00000000
0 1 61 00000000 00000000
0 1 62 00000000 00000000
0 1 63 00000000 00000000
0 2 0 170A3D71 00000000
0 2 1 11CF66B3 0DCDED05
0 2 2 047EB086 155785F4
0 2 3 F52396C3 1330CB9A
0 2 4 EAB6BC9E 0853C2D2
0 2 5 E9F3BC7A F9AEF3A8
0 2 6 F3331D0A EDE83FA7
0 2 7 024220ED EA584386
0 2 8 104AAF7D F09D04EE
0 2 9 16EDD69F FDDDFD59
0 2 10 13283513 0C16D65A
0 2 11 06B02B30 14D2B18D
0 2 12 F72ED75E 141A86C0
0 2 13 EBAE377B 0A41F19D
0 2 14 E96717D1 FBC13CD7
0 2 15 F1623237 EF2DE61E
0 2 16 00000000 EA3D70A4
0 2 17 0E9DCDC9 EF2DE61E
0 2 18 1698E82F FBC13CD7
0 2 19 1451C885 0A41F19D
0 2 20 08D128A2 141A86C0
0 2 21 F94FD4D0 14D2B18D
0 2 22 ECD7CAED 0C16D65A
0 2 23 E9122961 FDDDFD59
0 2 24 EFB55083 F09D04EE
0 2 25 FDBDDF13 EA584386
0 2 26 0CCCE2F6 EDE83FA7
0 2 27 160C4386 F9AEF3A8
0 2 28 15494362 0853C2D2
0 2 29 0ADC693D 1330CB9A
0 2 30 FB814F7A 155785F4
0 2 31 EE30994D 0DCDED05
0 2 32 E8F5C28F 00000000
0 2 33 EE30994D F23212FB
0 2 34 FB814F7A EAA87A0C
0 2 35 0ADC693D ECCF3466
0 2 36 15494362 F7AC3D2E
0 2 37 160C4386 06510C58
0 2 38 0CCCE2F6 1217C059
0 2 39 FDBDDF13 15A7BC7A
0 2 40 EFB55083 0F62FB12
0 2 41 E9122961 022202A7
0 2 42 ECD7CAED F3E929A6
0 2 43 F94FD4D0 EB2D4E73
0 2 44 08D128A2 EBE57940
0 2 45 1451C885 F5BE0E63
0 2 46 1698E82F 043EC329
0 2 47 0E9DCDC9 10D219E2
0 2 48 00000000 15C28F5C
0 2 49 F1623237 10D219E2
0 2 50 E96717D1 043EC329
0 2 51 EBAE377B F5BE0E63
0 2 52 F72ED75E EBE57940
0 2 53 06B02B30 EB2D4E73
0 2 54 13283513 F3E929A6
0 2 55 16EDD69F 022202A7
0 2 56 104AAF7D 0F62FB12
0 2 57 024220ED 15A7BC7A
0 2 58 F3331D0A 1217C059
0 2 59 E9F3BC7A 06510C58
0 2 60 EAB6BC9E F7AC3D2E
0 2 61 F52396C3 ECCF3466
0 2 62 047EB086 EAA87A0C
0 2 63 11CF66B3 F23212FB
0 3 0 1EB851EC F0000000
0 3 1 E147AE14 F0000000
0 3 2 1EB851EC 10000000
0 3 3 E147AE14 10000000
0 3 4 1EB851EC F0000000
0 3 5 E147AE14 F0000000
0 3 6 1EB851EC 10000000
0 3 7 E147AE14 10000000
0 3 8 1EB851EC F0000000
0 3 9 E147AE14 F0000000
0 3 10 1EB851EC 10000000
0 3 11 E147AE14 10000000
0 3 12 1EB851EC F0000000
0 3 13 E147AE14 F0000000
0 3 14 1EB851EC 10000000
0 3 15 E147AE14 10000000
0 3 16 1EB851EC F0000000
0 3 17 E147AE14 F0000000
0 3 18 1EB851EC 10000000
0 3 19 E147AE14 10000000
0 3 20 1EB851EC F0000000
0 3 21 E147AE14 F0000000
0 3 22 1EB851EC 10000000
0 3 23 E147AE14 10000000
0 3 24 1EB851EC F0000000
0 3 25 E147AE14 F0000000
0 3 26 1EB851EC 10000000
0 3 27 E147AE14 10000000
0 3 28 1EB851EC F0000000
0 3 29 E147AE14 F0000000
0 3 30 1EB851EC 10000000
0 3 31 E147AE14 10000000
0 3 32 1EB851EC F0000000
0 3 33 E147AE14 F0000000
0 3 34 1EB851EC 10000000
0 3 35 E147AE14 10000000
0 3 36 1EB851EC F0000000
0 3 37 E147AE14 F0000000
0 3 38 1EB851EC 10000000
0 3 39 E147AE14 10000000
0 3 40 1EB851EC F0000000
0 3 41 E147AE14 F0000000
0 3 42 1EB851EC 10000000
0 3 43 E147AE14 10000000
0 3 44 1EB851EC F0000000
0 3 45 E147AE14 F0000000
0 3 46 1EB851EC 10000000
0 3 47 E147AE14 10000000
0 3 48 1EB851EC F0000000
0 3 49 E147AE14 F0000000
0 3 50 1EB851EC 10000000
0 3 51 E147AE14 10000000
0 3 52 1EB851EC F0000000
0 3 53 E147AE14 F0000000
0 3 54 1EB851EC 10000000
0 3 55 E147AE14 10000000
0 3 56 1EB851EC F0000000
0 3 57 E147AE14 F0000000
0 3 58 1EB851EC 10000000
0 3 59 E147AE14 10000000
0 3 60 1EB851EC F0000000
0 3 61 E147AE14 F0000000
0 3 62 1EB851EC 10000000
0 3 63 E147AE14 10000000
0 4 0 E809BD71 F7DD0A3D
0 4 1 ED58051F E9FB28F6
0 4 2 15A12E14 14000F5C
0 4 3 0EF66B85 07F3E148
0 4 4 F7F96B85 F4BCE666
0 4 5 F3020A3D E5770F5C
0 4 6 F389570A 14A7EB85
0 4 7 EEAFA8F6 E4321EB8
0 4 8 0A710000 F90F8000
0 4 9 0B9ED70A 07946666
0 4 10 F177CCCD 15FEE666
0 4 11 0BF46B85 0EBA947B
0 4 12 E7BC147B F28ACCCD
0 4 13 01F7CCCD E41C1EB8
0 4 14 0358051F 0FBDBD71
0 4 15 F09D570A 1BD8E148
0 4 16 F2166B85 F08CD70A
0 4 17 F30B0F5C 1757DC29
0 4 18 F86D23D7 09303D71
0 4 19 1516947B FE4951EC
0 4 20 162AE666 F1AE5C29
0 4 21 EE54CCCD 198670A4
0 4 22 F429F0A4 197AC7AE
0 4 23 F2983852 0B2D8A3D
0 4 24 0DF61EB8 FF4E051F
0 4 25 18E87AE1 EF49E148
0 4 26 EC301EB8 187EE148
0 4 27 1723F0A4 0C30B333
0 4 28 EB6A8F5C FCF79EB8
0 4 29 F82A7AE1 0D85428F
0 4 30 18AA3852 EF616B85
0 4 31 0B908A3D 116F23D7
0 4 32 1846C7AE 0C2B3333
0 4 33 F7958A3D 16CFAE14
0 4 34 EA3C0F5C F14C051F
0 4 35 107D23D7 FA64B852
0 4 36 018DFAE1 0A42CCCD
0 4 37 EC857AE1 139DF0A4
0 4 38 05A1A8F6 FE7DAE14
0 4 39 FE5D570A 1025CCCD
0 4 40 F10D51EC 020A47AE
0 4 41 15E36666 FAB45C29
0 4 42 0FED7AE1 E413199A
0 4 43 1976999A F8ED9EB8
0 4 44 ECBC7AE1 E9B21EB8
0 4 45 097551EC F48A147B
0 4 46 016DDC29 09C13852
0 4 47 1427A8F6 0F23851F
0 4 48 0222428F EA158F5C
0 4 49 F1C4947B 085BF0A4
0 4 50 FDA79EB8 003A147B
0 4 51 EE5E428F F93E23D7
0 4 52 1A5C8000 EBA90A3D
0 4 53 0A66E148 0E91A8F6
0 4 54 03A8199A FBAAC28F
0 4 55 E868C7AE 12A35C29
0 4 56 F76B147B EA388A3D
0 4 57 E89E3D71 FDF7EB85
0 4 58 F3673D71 034E570A
0 4 59 0BF5851F 11CE9EB8
0 4 60 1BFDD70A 03F0428F
0 4 61 046ACCCD EF05E666
0 4 62 F502DC29 F61D8F5C
0 4 63 171E3852 09FD47AE
0 5 0 10A3D70A 00000000
0 5 1 18F45100 F8C26482
0 5 2 16599341 F33A8748
0 5 3 098D77C4 F0B6C641
0 5 4 FCE84683 F1CF2869
0 5 5 F9B72306 F64176D0
0 5 6 FEC05D30 FD00DFA7
0 5 7 01F47CAC 04757220
0 5 8 FB7979EC 0ADC74FE
0 5 9 EE5A3152 0EB2D7AF
0 5 10 E5A2F11E 0F109ACA
0 5 11 E8F1A5FB 0BDF99CD
0 5 12 F48B9A49 05E0C5C2
0 5 13 FD53EA8C FE7E94B7
0 5 14 FC71C0F4 F77768B1
0 5 15 F657B20A F27424FD
0 5 16 F5C28F5C F0A3D70A
0 5 17 0000D3F9 F27424FD
0 5 18 0EEF08CA F77768B1
0 5 19 170DB7C8 FE7E94B7
0 5 20 134AC2BA 05E0C5C2
0 5 21 0A104DC4 0BDF99CD
0 5 22 0646EB2A 0F109ACA
0 5 23 0BB3E12E 0EB2D7AF
0 5 24 1301CCBC 0ADC74FE
0 5 25 11A4A2E8 04757220
0 5 26 053E789C FD00DFA7
0 5 27 F6740FE9 F64176D0
0 5 28 F02BEF5F F1CF2869
0 5 29 F470A3DB F0B6C641
0 5 30 FAADB85E F33A8748
0 5 31 F91B7DB0 F8C26482
0 5 32 EF5C28F6 00000000
0 5 33 E70BAF00 073D9B7E
0 5 34 E9A66CBF 0CC578B8
0 5 35 F672883C 0F4939BF
0 5 36 0317B97D 0E30D797
0 5 37 0648DCFA 09BE8930
0 5 38 013FA2D0 02FF2059
0 5 39 FE0B8354 FB8A8DE0
0 5 40 04868614 F5238B02
0 5 41 11A5CEAE F14D2851
0 5 42 1A5D0EE2 F0EF6536
0 5 43 170E5A05 F4206633
0 5 44 0B7465B7 FA1F3A3E
0 5 45 02AC1574 01816B49
0 5 46 038E3F0C 0888974F
0 5 47 09A84DF6 0D8BDB03
0 5 48 0A3D70A4 0F5C28F6
0 5 49 FFFF2C07 0D8BDB03
0 5 50 F110F736 0888974F
0 5 51 E8F24838 01816B49
0 5 52 ECB53D46 FA1F3A3E
0 5 53 F5EFB23C F4206633
0 5 54 F9B914D6 F0EF6536
0 5 55 F44C1ED2 F14D2851
0 5 56 ECFE3344 F5238B02
0 5 57 EE5B5D18 FB8A8DE0
0 5 58 FAC18764 02FF2059
0 5 59 098BF017 09BE8930
0 5 60 0FD410A1 0E30D797
0 5 61 0B8F5C25 0F4939BF
0 5 62 055247A2 0CC578B8
0 5 63 06E48250 073D9B7E
0 6 0 170A3D71 F47AE148
0 6 1 170A3D71 F47AE148
0 6 2 170A3D71 F47AE148
0 6 3 170A3D71 F47AE148
0 6 4 170A3D71 F47AE148
0 6 5 170A3D71 F47AE148
0 6 6 170A3D71 F47AE148
0 6 7 170A3D71 F47AE148
0 6 8 170A3D71 F47AE148
0 6 9 170A3D71 F47AE148
0 6 10 170A3D71 F47AE148
0 6 11 170A3D71 F47AE148
0 6 12 170A3D71 F47AE148
0 6 13 170A3D71 F47AE148
0 6 14 170A3D71 F47AE148
0 6 15 170A3D71 F47AE148
0 6 16 170A3D71 F47AE148
0 6 17 170A3D71 F47AE148
0 6 18 170A3D71 F47AE148
0 6 19 170A3D71 F47AE148
0 6 20 170A3D71 F47AE148
0 6 21 170A3D71 F47AE148
0 6 22 170A3D71 F47AE148
0 6 23 170A3D71 F47AE148
0 6 24 170A3D71 F47AE148
0 6 25 170A3D71 F47AE148
0 6 26 170A3D71 F47AE148
0 6 27 170A3D71 F47AE148
0 6 28 170A3D71 F47AE148
0 6 29 170A3D71 F47AE148
0 6 30 170A3D71 F47AE148
0 6 31 170A3D71 F47AE148
0 6 32 170A3D71 F47AE148
0 6 33 170A3D71 F47AE148
0 6 34 170A3D71 F47AE148
0 6 35 170A3D71 F47AE148
0 6 36 170A3D71 F47AE148
0 6 37 170A3D71 F47AE148
0 6 38 170A3D71 F47AE148
0 6 39 170A3D71 F47AE148
0 6 40 170A3D71 F47AE148
0 6 41 170A3D71 F47AE148
0 6 42 170A3D71 F47AE148
0 6 43 170A3D71 F47AE148
0 6 44 170A3D71 F47AE148
0 6 45 170A3D71 F47AE148
0 6 46 170A3D71 F47AE148
0 6 47 170A3D71 F47AE148
0 6 48 170A3D71 F47AE148
0 6 49 170A3D71 F47AE148
0 6 50 170A3D71 F47AE148
0 6 51 170A3D71 F47AE148
0 6 52 170A3D71 F47AE148
0 6 53 170A3D71 F47AE148
0 6 54 170A3D71 F47AE148
0 6 55 170A3D71 F47AE148
0 6 56 170A3D71 F47AE148
0 6 57 170A3D71 F47AE148
0 6 58 170A3D71 F47AE148
0 6 59 170A3D71 F47AE148
0 6 60 170A3D71 F47AE148
0 6 61 170A3D71 F47AE148
0 6 62 170A3D71 F47AE148
0 6 63 170A3D71 F47AE148
0 7 0 00000000 00000000
0 7 1 00000000 00000000
0 7 2 00000000 00000000
0 7 3 00000000 00000000
0 7 4 00000000 00000000
0 7 5 00000000 00000000
0 7 6 00000000 00000000
0 7 7 00000000 00000000
0 7 8 00000000 00000000
0 7 9 00000000 00000000
0 7 10 00000000 00000000
0 7 11 00000000 00000000
0 7 12 00000000 00000000
0 7 13 00000000 00000000
0 7 14 00000000 00000000
0 7 15 00000000 00000000
0 7 16 00000000 00000000
0 7 17 00000000 00000000
0 7 18 00000000 00000000
0 7 19 00000000 00000000
0 7 20 00000000 00000000
0 7 21 00000000 00000000
0 7 22 00000000 00000000
0 7 23 00000000 00000000
0 7 24 00000000 00000000
0 7 25 00000000 00000000
0 7 26 00000000 00000000
0 7 27 00000000 00000000
0 7 28 00000000 00000000
0 7 29 00000000 00000000
0 7 30 00000000 00000000
0 7 31 00000000 00000000
0 7 32 E0000863 00000000
0 7 33 00000000 1FFFF79D
0 7 34 00000000 00000000
0 7 35 00000000 00000000
0 7 36 00000000 00000000
0 7 37 00000000 00000000
0 7 38 00000000 00000000
0 7 39 00000000 00000000
0 7 40 00000000 00000000
0 7 41 00000000 00000000
0 7 42 00000000 00000000
0 7 43 00000000 00000000
0 7 44 00000000 00000000
0 7 45 00000000 00000000
0 7 46 00000000 00000000
0 7 47 00000000 00000000
0 7 48 00000000 00000000
0 7 49 00000000 00000000
0 7 50 00000000 00000000
0 7 51 00000000 00000000
0 7 52 00000000 00000000
0 7 53 00000000 00000000
0 7 54 00000000 00000000
0 7 55 00000000 00000000
0 7 56 00000000 00000000
0 7 57 00000000 00000000
0 7 58 00000000 00000000
0 7 59 00000000 00000000
0 7 60 00000000 00000000
0 7 61 00000000 00000000
0 7 62 00000000 00000000
0 7 63 00000000 00000000
0 8 0 1999999A 00000000
0 8 1 14BF698C 0EFD7AC9
0 8 2 0807BEA2 12BBC567
0 8 3 F844C618 086BE2F4
0 8 4 EB701960 F7CA7B30
0 8 5 E666E4BB ED51CE38
0 8 6 EB11E04D F0DD1EA1
0 8 7 F7AC0BE5 FFC3AED5
0 8 8 076E68E0 0ED78040
0 8 9 145F98C4 12C8A023
0 8 10 1997A04D 08A1EDFB
0 8 11 151C0749 F8012A59
0 8 12 089FD762 ED601A36
0 8 13 F8DEB180 F0B84D6D
0 8 14 EBD17E2C FF875FFD
0 8 15 E66AD740 0EB0F33D
0 8 16 EAB6E179 12D4C17D
0 8 17 F7149A74 08D7A3CF
0 8 18 06D3EDC1 F838286C
0 8 19 13FCA3B6 ED6F1E04
0 8 20 1991B4B6 F0941308
0 8 21 157563B2 FF4B15CC
0 8 22 09369BAD 0E89D53A
0 8 23 F979B661 12E028FC
0 8 24 EC35FFAA 090D025E
0 8 25 E672BBAF F86F7348
0 8 26 EA5F2AED ED7ED90F
0 8 27 F67E8920 F07070D7
0 8 28 06386519 FF0ED294
0 8 29 139699A6 0E6227BC
0 8 30 1987D7BE 12EAD630
0 8 31 15CB70FF 09420799
0 8 32 09CBF443 F8A708CE
0 8 33 FA15BCD2 ED8F4ABB
0 8 34 EC9D8E5D F04D6839
0 8 35 E67E90CF FED298A8
0 8 36 EA0ACA2F 0E39EC48
0 8 37 F5E9EF0B 12F4C8B0
0 8 38 059BE6E2 0976B175
0 8 39 132D8A4F F8DEE6D8
0 8 40 197A0AE9 EDA07266
0 8 41 161E21EC F02AFA89
0 8 42 0A5FCA1B FE966A5B
0 8 43 FAB2ACC5 0E11246C
0 8 44 ED081A4B 12FE0019
0 8 45 E68E54CF 09AAFDEB
0 8 46 E9B9CC43 F9170B3E
0 8 47 F556E322 EDB24F66
0 8 48 04FE8B3F F009291B
0 8 49 12C185E6 FE5A49FF
0 8 50 1968505A 0DE7D1BB
0 8 51 166D69B8 13067C11
0 8 52 0AF2066A 09DEEAF5
0 8 53 FB506E07 F94F73D7
0 8 54 ED759306 EDC4E10C
0 8 55 E6A2053F EFE7F53B
0 8 56 E96C3DA5 FE1E39E5
0 8 57 F4C57C10 0DBDF5CD
0 8 58 04606A74 130E3C44
0 8 59 12529D11 0A127695
0 8 60 1952AACC F9881E76
0 8 61 16B93C2A EDD826A0
0 8 62 0B8292A4 EFC76032
0 8 63 FBEEE843 FDE23C5E
1 9 0 147AE148 00000000
1 9 1 1A6774B7 03B620A9
1 9 2 173133BD 07430D79
1 9 3 0A994835 0A7F5C01
1 9 4 FAFCDC61 0D4720CC
1 9 5 F0758B5A 0F7B7E25
1 9 6 EE983154 1103FAC2
1 9 7 F22439D0 11CF916F
1 9 8 F48914B1 11D56E0A
1 9 9 F2195F82 11154F7F
1 9 10 ED7704EC 0F978A9E
1 9 11 ED37032E 0D6CAD9E
1 9 12 F5CC582C 0AACC850
1 9 13 050FD63D 07766102
1 9 14 135CC8D9 03ED219E
1 9 15 1966F029 00384BC2
1 9 16 15D5A142 FC8104ED
1 9 17 0DE06587 F8F08DBB
1 9 18 087979B5 F5AE77E9
1 9 19 08441412 F2DEEF12
1 9 20 099524ED F0A12721
1 9 21 062FDA57 EF0E01EA
1 9 22 FB6AFCCF EE36FAF4
1 9 23 ED4DF590 EE25655E
1 9 24 E3D3E29C EEDA045F
1 9 25 E499A0F3 F04D02CC
1 9 26 EE5DABF0 F26E4A0E
1 9 27 FA2CC7AB F52634BC
1 9 28 013342EC F856951C
1 9 29 022D5BBA FBDC042D
1 9 30 01CF61F2 FF8F6AA8
1 9 31 05E47730 0347B2FB
1 9 32 0F7E016D 06DB9162
1 9 33 195D5472 0A234E56
1 9 34 1C10A371 0CFA7F7B
1 9 35 1440E5EB 0F419BE6
1 9 36 05BCE026 10DF5A2C
1 9 37 F8977C3D 11C1C921
1 9 38 F2CA8C86 11DF1705
1 9 39 F3CD4AB1 1135FE85
1 9 40 F5D71BBE 0FCDD4D9
1 9 41 F39918E7 0DB6385B
1 9 42 ED5BD186 0B066321
1 9 43 E8FD2EFB 07DC2928
1 9 44 ECC79A24 045AAD2B
1 9 45 F99FEFDE 00A8DA97
1 9 46 09A57CC0 FCEFB57C
1 9 47 148BA6BA F9589330
1 9 48 1601A3E3 F60B4F79
1 9 49 10B57CF1 F32C920E
1 9 50 0B6FAA7A F0DC37A6
1 9 51 0ADF0522 EF33F044
1 9 52 0D83BE95 EE46220B
1 9 53 0D4592D8 EE1D1CFA
1 9 54 0549FC7B EEBAA874
1 9 55 F6E4C44C F017EF7C
1 9 56 E93E1937 F225CC91
1 9 57 E3DEEF08 F4CD71D1
1 9 58 E8C3D0B0 F7F16627
1 9 59 F305412F FB6ECC77
1 9 60 FB321814 FF1EE6AC
1 9 61 FD9090C5 02D8C3D1
1 9 62 FCDF23F1 06730693
1 9 63 FF42A51B 09C5B075
1 9 64 082557BE 0CABDDD3
1 9 65 1476A738 0F055F63
1 9 66 1CAA475A 10B81F85
1 9 67 1AD32913 11B143D7
1 9 68 0F9D446E 11E5FE7F
1 9 69 01DA2748 1154061E
1 9 70 F8FFB34F 1001AF31
1 9 71 F751C300 0DFDA5CC
1 9 72 F8B1191C 0B5E4AB9
1 9 73 F6FC2BF1 0840BB05
1 9 74 F0172399 04C78CD4
1 9 75 E8442D92 01194F63
1 9 76 E6AFF21F FD5EDEFB
1 9 77 EF288100 F9C19F51
1 9 78 FE763BA5 F669B00E
1 9 79 0C8FA155 F37C2F5B
1 9 80 12D3FAD4 F1199DD5
1 9 81 10FF5EE8 EF5C75B5
1 9 82 0CA82556 EE5804E4
1 9 83 0BD245AA EE1796AD
1 9 84 0F63A145 EE9DF654
1 9 85 12560B67 EFE5501B
1 9 86 0E5ADA54 F1DF71EB
1 9 87 01DE7BC5 F47668F1
1 9 88 F21F40A4 F78D7542
1 9 89 E76C892A FB02490D
1 9 90 E6B38415 FEAE8566
1 9 91 EDD79650 02696446
1 9 92 F5EC2B32 06097D2B
1 9 93 F952AF58 096690CF
1 9 94 F868D263 0C5B47F2
1 9 95 F8BDA6E3 0EC6D1E6
1 9 96 FF8F3495 108E50DA
1 9 97 0C727068 119E041E
1 9 98 18E6BB89 11EA2369
1 9 99 1D4FF5B8 116F61A9
1 9 100 171D1C7F 103311A7
1 9 101 0AD4A2D2 0E42EAEF
1 9 102 0045B69A 0BB47188
1 9 103 FC288C1D 08A40717
1 9 104 FCA7EA68 0533AFD0
1 9 105 FBBE978A 018998CE
1 9 106 F53E840D FDCE7047
1 9 107 EB28294D FA2BA1ED
1 9 108 E472D1A8 F6C98B1B
1 9 109 E74174FF F3CDBAB4
1 9 110 F382ED17 F1595036
1 9 111 02AA0EFE EF878BFD
1 9 112 0CC8856D EE6CA0BF
1 9 113 0EB2CBF2 EE14D34F
1 9 114 0BF357CA EE83F26C
1 9 115 0AF8CD3C EFB52C77
1 9 116 0EEBBE15 F19B44F6
1 9 117 149BE3C6 F4212785
1 9 118 153C41A3 F72AD1D7
1 9 119 0C8F5AFA FA968AAB
1 9 120 FD1D47B5 FE3E582B
1 9 121 EEB7F4CE 01F9A586
1 9 122 E87D33E5 059F0571
1 9 123 EB6D9932 0905FE0E
1 9 124 F22EFFD4 0C08CA46
1 9 125 F6190838 0E85FD15
1 9 126 F51A55A2 1061F49E
1 9 127 F3539355 11880CEE
1 9 128 F70A3D71 11EB851F
1 9 129 02891E55 11880CEE
1 9 130 1158B0F1 1061F49E
1 9 131 1B565971 0E85FD15
1 9 132 1B1820F7 0C08CA46
1 9 133 12290288 0905FE0E
1 9 134 07811CEA 059F0571
1 9 135 01950DFE 01F9A586
1 9 136 01211077 FE3E582B
1 9 137 0126DD61 FA968AAB
1 9 138 FC0915E9 F72AD1D7
1 9 139 F1387A4C F4212785
1 9 140 E667799B F19B44F6
1 9 141 E31EC970 EFB52C77
1 9 142 EA765844 EE83F26C
1 9 143 F85CA653 EE14D34F
1 9 144 04CAD9D4 EE6CA0BF
1 9 145 0A295EF4 EF878BFD
1 9 146 096CC864 F1595036
1 9 147 0873B779 F3CDBAB4
1 9 148 0C2E5579 F6C98B1B
1 9 149 13BE8750 FA2BA1ED
1 9 150 18E20A08 FDCE7047
1 9 151 1556B7F5 018998CE
1 9 152 088BC567 0533AFD0
1 9 153 F8A4E5B5 08A40717
1 9 154 EDDB3261 0BB47188
1 9 155 EC255F20 0E42EAEF
1 9 156 F08C4E65 103311A7
1 9 157 F4614E1F 116F61A9
1 9 158 F3748C69 11EA2369
1 9 159 EFD76EEF 119E041E
1 9 160 EFE27A91 108E50DA
1 9 161 F83CF9BA 0EC6D1E6
1 9 162 07269845 0C5B47F2
1 9 163 15334DBD 096690CF
1 9 164 1AF32EFA 06097D2B
1 9 165 16B99D39 02696446
1 9 166 0D980A63 FEAE8566
1 9 167 06C3E567 FB02490D
1 9 168 056E349F F78D7542
1 9 169 06623F41 F47668F1
1 9 170 036E2AB8 F1DF71EB
1 9 171 F988CD14 EFE5501B
1 9 172 EC41B190 EE9DF654
1 9 173 E361AA9A EE1796AD
1 9 174 E4B12AE0 EE5804E4
1 9 175 EF38ECDA EF5C75B5
1 9 176 FC126757 F1199DD5
1 9 177 0413E8F7 F37C2F5B
1 9 178 0576E5F9 F669B00E
1 9 179 04A539B5 F9C19F51
1 9 180 07962FEC FD5EDEFB
1 9 181 0FDFA946 01194F63
1 9 182 18BE0A90 04C78CD4
1 9 183 1ADE6EB1 0840BB05
1 9 184 12AD319D 0B5E4AB9
1 9 185 03B0860D 0DFDA5CC
1 9 186 F5FC51F0 1001AF31
1 9 187 EFE2EDC8 1154061E
1 9 188 F143D4E6 11E5FE7F
1 9 189 F46E72D3 11B143D7
1 9 190 F3B7AD45 10B81F85
1 9 191 EED10BC3 0F055F63
1 9 192 EB2ECA6F 0CABDDD3
1 9 193 EF1F56C7 09C5B075
1 9 194 FBDDCE95 06730693
1 9 195 0BD6000B 02D8C3D1
1 9 196 16B3E66C FF1EE6AC
1 9 197 17D48A15 FB6ECC77
1 9 198 119D29DF F7F16627
1 9 199 0AEB1273 F4CD71D1
1 9 200 08E7B35A F225CC91
1 9 201 0AA4D481 F017EF7C
1 9 202 0A4D8E23 EEBAA874
1 9 203 02D51D0D EE1D1CFA
1 9 204 F51D6270 EE46220B
1 9 205 E7FFE9F0 EF33F044
1 9 206 E31447F2 F0DC37A6
1 9 207 E8A3163F F32C920E
1 9 208 F3F30CA4 F60B4F79
1 9 209 FD5F85F6 F9589330
1 9 210 00AC0B56 FCEFB57C
1 9 211 0021AF73 00A8DA97
1 9 212 01D65C30 045AAD2B
1 9 213 09962367 07DC2928
1 9 214 14D5BE33 0B066321
1 9 215 1C4EF79C 0DB6385B
1 9 216 19F6B91C 0FCDD4D9
1 9 217 0E2C5AD5 1135FE85
1 9 218 FFA3BD88 11DF1705
1 9 219 F6147DA4 11C1C921
1 9 220 F439A2AF 10DF5A2C
1 9 221 F63E7616 0F419BE6
1 9 222 F5D97FF8 0CFA7F7B
1 9 223 F0685C03 0A234E56
1 9 224 E9A66D31 06DB9162
1 9 225 E8937BE2 0347B2FB
1 9 226 F1361E93 FF8F6AA8
1 9 227 00AB6817 FBDC042D
1 9 228 0EFFCEBC F856951C
1 9 229 154EB67B F52634BC
1 9 230 12F3CEAA F26E4A0E
1 9 231 0D68B941 F04D02CC
1 9 232 0B0621C3 EEDA045F
1 9 233 0D48951A EE25655E
1 9 234 0F9B6652 EE36FAF4
1 9 235 0BB308AE EF0E01EA
1 9 236 FFA14FF8 F0A12721
1 9 237 F0458AEC F2DEEF12
1 9 238 E5DE8B30 F5AE77E9
1 9 239 E59BC9D4 F8F08DBB
1 9 240 EDA959D1 FC8104ED
1 9 241 F71183DA 00384BC2
1 9 242 FBC6FF81 03ED219E
1 9 243 FB99045A 07766102
1 9 244 FBCEECCA 0AACC850
1 9 245 01D6FEBC 0D6CAD9E
1 9 246 0DC16E40 0F978A9E
1 9 247 1970378D 11154F7F
1 9 248 1D4C5959 11D56E0A
1 9 249 167FCD47 11CF916F
1 9 250 095934D3 1103FAC2
1 9 251 FDC8AB85 0F7B7E25
1 9 252 F8FA5958 0D4720CC
1 9 253 F98AB39E 0A7F5C01
1 9 254 F986EBC8 07430D79
1 9 255 F45F5D2F 03B620A9
1 9 256 EB851EB8 00000000
1 9 257 E5988B49 FC49DF57
1 9 258 E8CECC43 F8BCF287
1 9 259 F566B7CB F580A3FF
1 9 260 0503239F F2B8DF34
1 9 261 0F8A74A6 F08481DB
1 9 262 1167CEAC EEFC053E
1 9 263 0DDBC630 EE306E91
1 9 264 0B76EB4F EE2A91F6
1 9 265 0DE6A07E EEEAB081
1 9 266 1288FB14 F0687562
1 9 267 12C8FCD2 F2935262
1 9 268 0A33A7D4 F55337B0
1 9 269 FAF029C3 F8899EFE
1 9 270 ECA33727 FC12DE62
1 9 271 E6990FD7 FFC7B43E
1 9 272 EA2A5EBE 037EFB13
1 9 273 F21F9A79 070F7245
1 9 274 F786864B 0A518817
1 9 275 F7BBEBEE 0D2110EE
1 9 276 F66ADB13 0F5ED8DF
1 9 277 F9D025A9 10F1FE16
1 9 278 04950331 11C9050C
1 9 279 12B20A70 11DA9AA2
1 9 280 1C2C1D64 1125FBA1
1 9 281 1B665F0D 0FB2FD34
1 9 282 11A25410 0D91B5F2
1 9 283 05D33855 0AD9CB44
1 9 284 FECCBD14 07A96AE4
1 9 285 FDD2A446 0423FBD3
1 9 286 FE309E0E 00709558
1 9 287 FA1B88D0 FCB84D05
1 9 288 F081FE93 F9246E9E
1 9 289 E6A2AB8E F5DCB1AA
1 9 290 E3EF5C8F F3058085
1 9 291 EBBF1A15 F0BE641A
1 9 292 FA431FDA EF20A5D4
1 9 293 076883C3 EE3E36DF
1 9 294 0D35737A EE20E8FB
1 9 295 0C32B54F EECA017B
1 9 296 0A28E442 F0322B27
1 9 297 0C66E719 F249C7A5
1 9 298 12A42E7A F4F99CDF
1 9 299 1702D105 F823D6D8
1 9 300 133865DC FBA552D5
1 9 301 06601022 FF572569
1 9 302 F65A8340 03104A84
1 9 303 EB745946 06A76CD0
1 9 304 E9FE5C1D 09F4B087
1 9 305 EF4A830F 0CD36DF2
1 9 306 F4905586 0F23C85A
1 9 307 F520FADE 10CC0FBC
1 9 308 F27C416B 11B9DDF5
1 9 309 F2BA6D28 11E2E306
1 9 310 FAB60385 1145578C
1 9 311 091B3BB4 0FE81084
1 9 312 16C1E6C9 0DDA336F
1 9 313 1C2110F8 0B328E2F
1 9 314 173C2F50 080E99D9
1 9 315 0CFABED1 04913389
1 9 316 04CDE7EC 00E11954
1 9 317 026F6F3B FD273C2F
1 9 318 0320DC0F F98CF96D
1 9 319 00BD5AE5 F63A4F8B
1 9 320 F7DAA842 F354222D
1 9 321 EB8958C8 F0FAA09D
1 9 322 E355B8A6 EF47E07B
1 9 323 E52CD6ED EE4EBC29
1 9 324 F062BB92 EE1A0181
1 9 325 FE25D8B8 EEABF9E2
1 9 326 07004CB1 EFFE50CF
1 9 327 08AE3D00 F2025A34
1 9 328 074EE6E4 F4A1B547
1 9 329 0903D40F F7BF44FB
1 9 330 0FE8DC67 FB38732C
1 9 331 17BBD26E FEE6B09D
1 9 332 19500DE1 02A12105
1 9 333 10D77F00 063E60AF
1 9 334 0189C45B 09964FF2
1 9 335 F3705EAB 0C83D0A5
1 9 336 ED2C052C 0EE6622B
1 9 337 EF00A118 10A38A4B
1 9 338 F357DAAA 11A7FB1C
1 9 339 F42DBA56 11E86953
1 9 340 F09C5EBB 116209AC
1 9 341 EDA9F499 101AAFE5
1 9 342 F1A525AC 0E208E15
1 9 343 FE21843B 0B89970F
1 9 344 0DE0BF5C 08728ABE
1 9 345 189376D6 04FDB6F3
1 9 346 194C7BEB 01517A9A
1 9 347 122869B0 FD969BBA
1 9 348 0A13D4CE F9F682D5
1 9 349 06AD50A8 F6996F31
1 9 350 07972D9D F3A4B80E
1 9 351 0742591D F1392E1A
1 9 352 0070CB6B EF71AF26
1 9 353 F38D8F98 EE61FBE2
1 9 354 E7194477 EE15DC97
1 9 355 E2B00A48 EE909E57
1 9 356 E8E2E381 EFCCEE59
1 9 357 F52B5D2E F1BD1511
1 9 358 FFBA4966 F44B8E78
1 9 359 03D773E3 F75BF8E9
1 9 360 03581598 FACC5030
1 9 361 04416876 FE766732
1 9 362 0AC17BF3 02318FB9
1 9 363 14D7D6B3 05D45E13
1 9 364 1B8D2E58 093674E5
1 9 365 18BE8B01 0C32454C
1 9 366 0C7D12E9 0EA6AFCA
1 9 367 FD55F102 10787403
1 9 368 F3377A93 11935F41
1 9 369 F14D340E 11EB2CB1
1 9 370 F40CA836 117C0D94
1 9 371 F50732C4 104AD389
1 9 372 F11441EB 0E64BB0A
1 9 373 EB641C3A 0BDED87B
1 9 374 EAC3BE5D 08D52E29
1 9 375 F370A506 05697555
1 9 376 02E2B84B 01C1A7D5
1 9 377 11480B32 FE065A7A
1 9 378 1782CC1B FA60FA8F
1 9 379 149266CE F6FA01F2
1 9 380 0DD1002C F3F735BA
1 9 381 09E6F7C8 F17A02EB
1 9 382 0AE5AA5E EF9E0B62
1 9 383 0CAC6CAB EE77F312
1 9 384 08F5C28F EE147AE1
1 9 385 FD76E1AB EE77F312
1 9 386 EEA74F0F EF9E0B62
1 9 387 E4A9A68F F17A02EB
1 9 388 E4E7DF09 F3F735BA
1 9 389 EDD6FD78 F6FA01F2
1 9 390 F87EE316 FA60FA8F
1 9 391 FE6AF202 FE065A7A
1 9 392 FEDEEF89 01C1A7D5
1 9 393 FED9229F 05697555
1 9 394 03F6EA17 08D52E29
1 9 395 0EC785B4 0BDED87B
1 9 396 19988665 0E64BB0A
1 9 397 1CE13690 104AD389
1 9 398 1589A7BC 117C0D94
1 9 399 07A359AD 11EB2CB1
1 9 400 FB35262C 11935F41
1 9 401 F5D6A10C 10787403
1 9 402 F693379C 0EA6AFCA
1 9 403 F78C4887 0C32454C
1 9 404 F3D1AA87 093674E5
1 9 405 EC4178B0 05D45E13
1 9 406 E71DF5F8 02318FB9
1 9 407 EAA9480B FE766732
1 9 408 F7743A99 FACC5030
1 9 409 075B1A4B F75BF8E9
1 9 410 1224CD9F F44B8E78
1 9 411 13DAA0E0 F1BD1511
1 9 412 0F73B19B EFCCEE59
1 9 413 0B9EB1E1 EE909E57
1 9 414 0C8B7397 EE15DC97
1 9 415 10289111 EE61FBE2
1 9 416 101D856F EF71AF26
1 9 417 07C30646 F1392E1A
1 9 418 F8D967BB F3A4B80E
1 9 419 EACCB243 F6996F31
1 9 420 E50CD106 F9F682D5
1 9 421 E94662C7 FD969BBA
1 9 422 F267F59D 01517A9A
1 9 423 F93C1A99 04FDB6F3
1 9 424 FA91CB61 08728ABE
1 9 425 F99DC0BF 0B89970F
1 9 426 FC91D548 0E208E15
1 9 427 067732EC 101AAFE5
1 9 428 13BE4E70 116209AC
1 9 429 1C9E5566 11E86953
1 9 430 1B4ED520 11A7FB1C
1 9 431 10C71326 10A38A4B
1 9 432 03ED98A9 0EE6622B
1 9 433 FBEC1709 0C83D0A5
1 9 434 FA891A07 09964FF2
1 9 435 FB5AC64B 063E60AF
1 9 436 F869D014 02A12105
1 9 437 F02056BA FEE6B09D
1 9 438 E741F570 FB38732C
1 9 439 E521914F F7BF44FB
1 9 440 ED52CE63 F4A1B547
1 9 441 FC4F79F3 F2025A34
1 9 442 0A03AE10 EFFE50CF
1 9 443 101D1238 EEABF9E2
1 9 444 0EBC2B1A EE1A0181
1 9 445 0B918D2D EE4EBC29
1 9 446 0C4852BB EF47E07B
1 9 447 112EF43D F0FAA09D
1 9 448 14D13591 F354222D
1 9 449 10E0A939 F63A4F8B
1 9 450 0422316B F98CF96D
1 9 451 F429FFF5 FD273C2F
1 9 452 E94C1994 00E11954
1 9 453 E82B75EB 04913389
1 9 454 EE62D621 080E99D9
1 9 455 F514ED8D 0B328E2F
1 9 456 F7184CA6 0DDA336F
1 9 457 F55B2B7F 0FE81084
1 9 458 F5B271DD 1145578C
1 9 459 FD2AE2F3 11E2E306
1 9 460 0AE29D90 11B9DDF5
1 9 461 18001610 10CC0FBC
1 9 462 1CEBB80E 0F23C85A
1 9 463 175CE9C1 0CD36DF2
1 9 464 0C0CF35C 09F4B087
1 9 465 02A07A0A 06A76CD0
1 9 466 FF53F4AA 03104A84
1 9 467 FFDE508D FF572569
1 9 468 FE29A3D0 FBA552D5
1 9 469 F669DC99 F823D6D8
1 9 470 EB2A41CD F4F99CDF
1 9 471 E3B10864 F249C7A5
1 9 472 E60946E4 F0322B27
1 9 473 F1D3A52B EECA017B
1 9 474 005C4278 EE20E8FB
1 9 475 09EB825C EE3E36DF
1 9 476 0BC65D51 EF20A5D4
1 9 477 09C189EA F0BE641A
1 9 478 0A268008 F3058085
1 9 479 0F97A3FD F5DCB1AA
1 9 480 165992CF F9246E9E
1 9 481 176C841E FCB84D05
1 9 482 0EC9E16D 00709558
1 9 483 FF5497E9 0423FBD3
1 9 484 F1003144 07A96AE4
1 9 485 EAB14985 0AD9CB44
1 9 486 ED0C3156 0D91B5F2
1 9 487 F29746BF 0FB2FD34
1 9 488 F4F9DE3D 1125FBA1
1 9 489 F2B76AE6 11DA9AA2
1 9 490 F06499AE 11C9050C
1 9 491 F44CF752 10F1FE16
1 9 492 005EB008 0F5ED8DF
1 9 493 0FBA7514 0D2110EE
1 9 494 1A2174D0 0A518817
1 9 495 1A64362C 070F7245
1 9 496 1256A62F 037EFB13
1 9 497 08EE7C26 FFC7B43E
1 9 498 0439007F FC12DE62
1 9 499 0466FBA6 F8899EFE
1 9 500 04311336 F55337B0
1 9 501 FE290144 F2935262
1 9 502 F23E91C0 F0687562
1 9 503 E68FC873 EEEAB081
1 9 504 E2B3A6A7 EE2A91F6
1 9 505 E98032B9 EE306E91
1 9 506 F6A6CB2D EEFC053E
1 9 507 0237547B F08481DB
1 9 508 0705A6A8 F2B8DF34
1 9 509 06754C62 F580A3FF
1 9 510 06791438 F8BCF287
1 9 511 0BA0A2D1 FC49DF57
1 10 0 0F84199A 0E19C28F
1 10 1 E874A8F6 E85D8F5C
1 10 2 FBACF5C3 F429F0A4
1 10 3 0CDEF0A4 ED4F3852
1 10 4 E6A323D7 19DB947B
1 10 5 E833FAE1 0632DC29
1 10 6 F1600A3D EF5A6148
1 10 7 F52BC7AE 0334999A
1 10 8 0912FAE1 19046B85
1 10 9 0C4BC28F E79A6B85
1 10 10 0D8347AE FD20199A
1 10 11 1079D70A F4EA0000
1 10 12 0B0823D7 E639FAE1
1 10 13 14A7EB85 05C43333
1 10 14 F700999A FFD31EB8
1 10 15 FE05C7AE FE2A147B
1 10 16 FCF9D1EC 0A53F5C3
1 10 17 0C9575C3 02493333
1 10 18 11508F5C F0B63333
1 10 19 12E4B333 1AB6428F
1 10 20 0FAEC7AE 022B47AE
1 10 21 FBED6B85 FC0251EC
1 10 22 F3D2999A 1B4775C3
1 10 23 E6EC2E14 F1076148
1 10 24 037823D7 17ADA8F6
1 10 25 15E528F6 0133570A
1 10 26 0BA2CCCD FF32F5C3
1 10 27 F958C28F EC865C29
1 10 28 E813DC29 00C323D7
1 10 29 ED2A0A3D EB658000
1 10 30 EBE2AE14 02EA3D71
1 10 31 16E3B333 F2D0FAE1
1 10 32 F12E199A EAC9BD71
1 10 33 E983B333 E92C947B
1 10 34 06210A3D 09E4DC29
1 10 35 11E03852 16648A3D
1 10 36 04D7B333 EACC999A
1 10 37 F627E666 F34C9EB8
1 10 38 15D7147B 03A5E666
1 10 39 EBC4FAE1 F26C70A4
1 10 40 FD80051F E7C15C29
1 10 41 0C4AE148 14DC0F5C
1 10 42 FEC33333 04E2B333
1 10 43 F1FE0000 F5B6D1EC
1 10 44 FD8FA3D7 03E4999A
1 10 45 FBA7AE14 1233999A
1 10 46 1679E148 E827E148
1 10 47 13EC428F F6C023D7
1 10 48 EA7EF0A4 03734CCD
1 10 49 110D75C3 1288F5C3
1 10 50 E4247AE1 EA87147B
1 10 51 FEA7428F 136647AE
1 10 52 0985D1EC 08F00000
1 10 53 19703852 FB68C28F
1 10 54 07E40A3D E9BA428F
1 10 55 EC7CE666 F2BA8A3D
1 10 56 F5A68A3D 062F8F5C
1 10 57 048CAE14 0F60051F
1 10 58 0FE51EB8 E71BB333
1 10 59 1948D70A 08C7F5C3
1 10 60 0B0A1EB8 E94EE666
1 10 61 F29BF5C3 0925051F
1 10 62 E9425C29 176A570A
1 10 63 13EFC7AE F0B5199A
1 10 64 18118A3D FA1DE148
1 10 65 112B6148 115FF5C3
1 10 66 F4D5C28F 0CE2051F
1 10 67 E5DE75C3 1B0F23D7
1 10 68 13EC428F E68A47AE
1 10 69 1AD49EB8 FEE11EB8
1 10 70 19F1CCCD 0CFCDC29
1 10 71 0470BD71 E5FD7AE1
1 10 72 FC29B333 ED5CDC29
1 10 73 E9A71EB8 1B667AE1
1 10 74 0A8AF5C3 0F0C6B85
1 10 75 EDEF999A EDC3999A
1 10 76 126C5C29 00F4DC29
1 10 77 EAD4147B EDBB3D71
1 10 78 E79DB852 16306666
1 10 79 026FB333 062C428F
1 10 80 E5DE75C3 FA6A0000
1 10 81 04B0FAE1 E72AE148
1 10 82 11E46666 0C46EB85
1 10 83 FBA9A8F6 EA621EB8
1 10 84 F961570A FDD48000
1 10 85 FD97570A FC9F6666
1 10 86 E5F83333 F0074CCD
1 10 87 EF80A8F6 06B40000
1 10 88 FA3AB333 F3F1D70A
1 10 89 F1DD0000 ECCB3852
1 10 90 0000E148 16AE75C3
1 10 91 03FF0000 06DC428F
1 10 92 08E5E148 EC57F0A4
1 10 93 0FB2851F 033DD70A
1 10 94 E64D8F5C 0FBD4CCD
1 10 95 081123D7 EE5D999A
1 10 96 F01D4CCD F36E0F5C
1 10 97 E7CF0000 1B8070A4
1 10 98 12E71EB8 EBFE6666
1 10 99 121A4CCD 04B08A3D
1 10 100 F500A8F6 FF240000
1 10 101 F67E23D7 F01E2E14
1 10 102 F2BE47AE 10ECAE14
1 10 103 FCD8D1EC E9E528F6
1 10 104 10826B85 F0618000
1 10 105 F6A2E148 0FE83333
1 10 106 1594A3D7 16F1C7AE
1 10 107 191FEB85 E9375C29
1 10 108 FCB56666 0902B333
1 10 109 1AEDEB85 1732AE14
1 10 110 E4BA851F 164C1EB8
1 10 111 E7928000 0647199A
1 10 112 EC97BD71 F268EB85
1 10 113 E738F5C3 0E90C7AE
1 10 114 04D1C28F 006D8F5C
1 10 115 EE41A8F6 EB0F7AE1
1 10 116 F40B947B F8F0428F
1 10 117 0405D1EC 08AC75C3
1 10 118 EE805C29 EDFBB333
1 10 119 151CBD71 00F5851F
1 10 120 13FBA8F6 F87C199A
1 10 121 F4EFB852 0F436B85
1 10 122 01226666 E65F6148
1 10 123 127DF5C3 F7578000
1 10 124 F049F5C3 1365D70A
1 10 125 06160A3D EDFBEB85
1 10 126 183AAE14 E87123D7
1 10 127 FBBAD1EC E9518A3D
1 10 128 FA30947B F77451EC
1 10 129 EED93D71 0F0528F6
1 10 130 F15970A4 E6C26148
1 10 131 F1C5051F F3293333
1 10 132 FD5A2E14 EAEE0A3D
1 10 133 1AF7D1EC F955E666
1 10 134 EC628000 1895C28F
1 10 135 099375C3 EB1F8A3D
1 10 136 F0DC428F FD08C7AE
1 10 137 E44C147B 0E77B333
1 10 138 0AFB999A 050E7AE1
1 10 139 FDC6A3D7 F5213852
1 10 140 11C1A3D7 19AF947B
1 10 141 F8827AE1 0D6E999A
1 10 142 0DD047AE F40B23D7
1 10 143 E428A8F6 1A056148
1 10 144 F493199A F1C228F6
1 10 145 FD446666 0B76947B
1 10 146 FE027AE1 17FF47AE
1 10 147 FFBD570A 1049E148
1 10 148 0AB1051F 0D09D70A
1 10 149 16DD199A FAB4947B
1 10 150 151C4CCD 114128F6
1 10 151 18DCD1EC 073F0A3D
1 10 152 0C7D428F F91EE666
1 10 153 FDA05C29 E487EB85
1 10 154 12783D71 EA4E51EC
1 10 155 F94AAE14 F455F0A4
1 10 156 0F07CCCD 0FEE5C29
1 10 157 E4FBA3D7 E98A4CCD
1 10 158 F5F351EC F811D70A
1 10 159 076F3852 1703D1EC
1 10 160 EA82E666 08AA0A3D
1 10 161 08D98F5C EAA3051F
1 10 162 F8090A3D 0297BD71
1 10 163 E80FE666 104EB852
1 10 164 18F8FAE1 F16275C3
1 10 165 00B7428F 02806B85
1 10 166 09428000 ECDC999A
1 10 167 1ADCFAE1 13A9D1EC
1 10 168 1122947B 0166999A
1 10 169 0FA23D71 077BFAE1
1 10 170 F1D9EB85 001C999A
1 10 171 F679BD71 EBB7570A
1 10 172 F88E5C29 15D4E148
1 10 173 0CA2E148 068DB852
1 10 174 17A5147B F9D7B333
1 10 175 0EF2051F 0FDEBD71
1 10 176 FD3CB333 1BE5A3D7
1 10 177 FF8851EC F5CFE666
1 10 178 EBD7AE14 EEB8AE14
1 10 179 FCC5051F 192E0000
1 10 180 0C9DD1EC 0B54EB85
1 10 181 0C2EF0A4 EAD1A8F6
1 10 182 0F712E14 0B77AE14
1 10 183 E46AA8F6 17FFB852
1 10 184 F59875C3 F0139EB8
1 10 185 E71FE148 F8987AE1
1 10 186 F3480000 FFD123D7
1 10 187 F059947B 1313570A
1 10 188 FB645C29 02FCB852
1 10 189 E7FB0000 E7AA7AE1
1 10 190 18AB51EC FA598000
1 10 191 0F896148 14FE999A
1 10 192 1578428F 16CDEB85
1 10 193 F8598F5C F55ED1EC
1 10 194 184F5C29 054C147B
1 10 195 FC16C7AE 13C1CCCD
1 10 196 FC739EB8 E676B333
1 10 197 0179BD71 0A71E148
1 10 198 08EC428F EC68E148
1 10 199 E7D39EB8 1546C28F
1 10 200 E88AA8F6 07740F5C
1 10 201 E9AE28F6 F277E148
1 10 202 E7C15C29 E48C51EC
1 10 203 0A11BD71 0FEF75C3
1 10 204 EE57E148 E969F5C3
1 10 205 0AE13333 F7C03852
1 10 206 0E598F5C FB8ED1EC
1 10 207 F31AE666 ED8323D7
1 10 208 012623D7 E9EA3852
1 10 209 F141AE14 0C9ABD71
1 10 210 08446666 E502E666
1 10 211 FB7F6B85 10F0A3D7
1 10 212 F5AE75C3 02640A3D
1 10 213 0EB5BD71 FEAF9EB8
1 10 214 065D199A 0CF1A3D7
1 10 215 13E2947B 17AF3333
1 10 216 0DB3051F E8051EB8
1 10 217 EBEC5C29 FD4D3333
1 10 218 F1946666 0AC3F0A4
1 10 219 0BD9947B 1A62E148
1 10 220 11FC999A 186247AE
1 10 221 086FF5C3 EEC651EC
1 10 222 EE2B0000 FCBFBD71
1 10 223 EFCFDC29 0AD5FAE1
1 10 224 117828F6 E780AE14
1 10 225 0FE3CCCD ED9C3852
1 10 226 10A95C29 19A8C28F
1 10 227 11A29EB8 0DC9051F
1 10 228 F507B333 F70AB852
1 10 229 FEAC8A3D E5BE1EB8
1 10 230 196FC7AE F4088000
1 10 231 10F6947B 1AD5F0A4
1 10 232 1280D1EC 054CBD71
1 10 233 F3CA3D71 FADBF5C3
1 10 234 FD291EB8 EE428A3D
1 10 235 1C1F8000 FA64F0A4
1 10 236 F8956666 148DBD71
1 10 237 140DEB85 0116BD71
1 10 238 075D6666 F278C28F
1 10 239 FBF6A8F6 E48CFAE1
1 10 240 E51CA3D7 0743A8F6
1 10 241 F911EB85 08928000
1 10 242 0FA40000 1396E666
1 10 243 04EA9EB8 EE5F5C29
1 10 244 F77F199A F30BB852
1 10 245 EA13947B 0639AE14
1 10 246 EAE88A3D EC19AE14
1 10 247 EE646B85 E5E070A4
1 10 248 1A168A3D 16F6D70A
1 10 249 0C4528F6 05D7C7AE
1 10 250 F54F3333 F02D23D7
1 10 251 E423D1EC 051ACCCD
1 10 252 FF6670A4 114B0F5C
1 10 253 1AAF0000 EF7B28F6
1 10 254 1A2E851F FF79947B
1 10 255 1429DC29 044EDC29
1 10 256 F9487AE1 EFAAE666
1 10 257 F98F51EC F50BE148
1 10 258 F6DCF5C3 199CE148
1 10 259 F344B333 064323D7
1 10 260 17179EB8 FD2BFAE1
1 10 261 F5D10000 1236AE14
1 10 262 12ADB333 0AB5A3D7
1 10 263 0A2E570A 04BD851F
1 10 264 0D9C947B E45AD1EC
1 10 265 1AC9D70A 125D9EB8
1 10 266 F08E28F6 076C23D7
1 10 267 F55C9EB8 E79DB852
1 10 268 F52B8F5C 082F0F5C
1 10 269 E9F9D70A 14428000
1 10 270 10A8EB85 E5A88F5C
1 10 271 EA4E199A FB0BEB85
1 10 272 125EB852 0602AE14
1 10 273 173A28F6 F84CCCCD
1 10 274 F8C8E148 15E8AE14
1 10 275 EA77E666 E78C8F5C
1 10 276 14BE23D7 F25AD70A
1 10 277 F222F5C3 10EFC28F
1 10 278 02C823D7 E51B199A
1 10 279 1371F0A4 F853D70A
1 10 280 E7563852 084E147B
1 10 281 194E1EB8 17646666
1 10 282 15C1851F E9A0851F
1 10 283 E9BFFAE1 01A4DC29
1 10 284 136AAE14 1173199A
1 10 285 FD86D70A 0E59570A
1 10 286 06ABA3D7 0893D1EC
1 10 287 E92123D7 FF923852
1 10 288 1751EB85 163575C3
1 10 289 08737AE1 09F9199A
1 10 290 EDE6CCCD E612999A
1 10 291 0C9F947B FF0E3852
1 10 292 072E199A 0C7F75C3
1 10 293 E68A47AE 114128F6
1 10 294 1009DC29 FCEADC29
1 10 295 E3D975C3 0AA40A3D
1 10 296 0C91F0A4 EF796666
1 10 297 18A3D70A 1796570A
1 10 298 F54E199A F42275C3
1 10 299 FBF9BD71 F1378F5C
1 10 300 EBA18F5C 19A9A3D7
1 10 301 F2CCCCCD 10BDD1EC
1 10 302 E3E047AE E89EE666
1 10 303 EF52051F F27FCCCD
1 10 304 024F5C29 18AA3852
1 10 305 14051EB8 EBA270A4
1 10 306 01D0A3D7 F5E1B852
1 10 307 0280DC29 F9A4A8F6
1 10 308 F0E1FAE1 F60870A4
1 10 309 E6B33333 0E2370A4
1 10 310 0E1BBD71 E8E9EB85
1 10 311 E55D8A3D F538199A
1 10 312 11C16B85 1230851F
1 10 313 F6078F5C 00D3A3D7
1 10 314 F8540F5C F5EF23D7
1 10 315 02DF051F 07810A3D
1 10 316 EDEAC28F 14774CCD
1 10 317 0CFB51EC ECA39EB8
1 10 318 F68AAE14 026BBD71
1 10 319 120A051F F7C7428F
1 10 320 02333333 149FC7AE
1 10 321 031DB852 01012E14
1 10 322 002A3D71 FC65FAE1
1 10 323 0EC9FAE1 08190F5C
1 10 324 F6DAFAE1 F2B50A3D
1 10 325 EA676666 161C999A
1 10 326 E4916148 02BC0A3D
1 10 327 EA34947B F34FEB85
1 10 328 E5F16148 F1CD999A
1 10 329 E555D70A EADCE148
1 10 330 ED9AE666 04B08A3D
1 10 331 09296B85 1891CCCD
1 10 332 EDE03333 EFBB6666
1 10 333 007F999A F799B852
1 10 334 FD2D147B 1788B333
1 10 335 F301999A 0BDD8A3D
1 10 336 054CF5C3 1BEB947B
1 10 337 0E4F70A4 E9802E14
1 10 338 041651EC E7026666
1 10 339 E84D8000 1343851F
1 10 340 FF27BD71 FF0EA8F6
1 10 341 11167AE1 10ADC28F
1 10 342 FA356B85 EC0B999A
1 10 343 FD2B8A3D F819FAE1
1 10 344 FA5DE666 00F1C7AE
1 10 345 F70F8F5C 0A6F051F
1 10 346 138075C3 E3F0570A
1 10 347 1389428F 11C40F5C
1 10 348 0F2B0000 076B0A3D
1 10 349 F2E0999A F5FDA8F6
1 10 350 0BD01EB8 17E74CCD
1 10 351 EEE751EC F65CEB85
1 10 352 116A147B FF5F9EB8
1 10 353 0E24C28F E9064CCD
1 10 354 12E71EB8 18764CCD
1 10 355 ED0F6B85 08D7947B
1 10 356 FE370F5C FEA1C28F
1 10 357 F8B0AE14 13C8D70A
1 10 358 F8AF23D7 01EF0000
1 10 359 160975C3 F523DC29
1 10 360 F063B333 EC776666
1 10 361 E47C7AE1 E7A847AE
1 10 362 0795F0A4 079EF5C3
1 10 363 072B051F 1950FAE1
1 10 364 00B93D71 E45D3D71
1 10 365 F5F828F6 FD333D71
1 10 366 EA48999A 006FFAE1
1 10 367 ED3428F6 EEEE947B
1 10 368 F84E8F5C FBF0F0A4
1 10 369 05FEB852 0B874CCD
1 10 370 F385999A 1BD8A8F6
1 10 371 0321051F EF52AE14
1 10 372 E72CDC29 01172E14
1 10 373 F0B07AE1 F1488000
1 10 374 F96A23D7 0F2B70A4
1 10 375 0E128000 032D570A
1 10 376 195F8000 0C87D1EC
1 10 377 10AF147B 1C191EB8
1 10 378 E5B7BD71 ED474CCD
1 10 379 E82B2E14 1744F0A4
1 10 380 013A999A 054AC28F
1 10 381 15918F5C FA960000
1 10 382 136AAE14 112A0F5C
1 10 383 F21A999A 024147AE
1 10 384 F26F851F F7554CCD
1 10 385 1A84C28F EABBA8F6
1 10 386 0BBFD70A 133D947B
1 10 387 1585051F 0A3BC28F
1 10 388 01105C29 E85175C3
1 10 389 ED2E70A4 06A9E148
1 10 390 E8E46B85 11F2EB85
1 10 391 0E6A8000 EE3BF0A4
1 10 392 E4B4947B F69147AE
1 10 393 102FEB85 0657999A
1 10 394 FDAC051F 12DFA3D7
1 10 395 EF41BD71 02CB70A4
1 10 396 0EFA999A E909999A
1 10 397 EFBCB852 EA37A8F6
1 10 398 101FA3D7 11C1DC29
1 10 399 0C1D1EB8 F91C0A3D
1 10 400 F32BD70A F5E851EC
1 10 401 E85E0000 00026B85
1 10 402 F6331EB8 11A22E14
1 10 403 EB95051F E594199A
1 10 404 0E47147B 03DF8A3D
1 10 405 FA2E28F6 EDC20F5C
1 10 406 ECA16B85 199DFAE1
1 10 407 013D75C3 00CB8000
1 10 408 E6126148 F62CBD71
1 10 409 05AF147B E40E0A3D
1 10 410 0973570A 0ADBEB85
1 10 411 E952DC29 16729EB8
1 10 412 E61C47AE 0324C28F
1 10 413 E7BBA3D7 FA773333
1 10 414 E4CA5C29 F17528F6
1 10 415 0AA6AE14 0150999A
1 10 416 F02C7AE1 08500F5C
1 10 417 F11E0A3D 1B538F5C
1 10 418 FA667AE1 0FB98F5C
1 10 419 0D5A23D7 0A593D71
1 10 420 0BEFCCCD E5A5428F
1 10 421 19DAEB85 139247AE
1 10 422 EAD13852 1A7870A4
1 10 423 F40175C3 E5F08000
1 10 424 EB67B333 FC5DD70A
1 10 425 E961D1EC 1291199A
1 10 426 1682E666 FF7170A4
1 10 427 10E023D7 13C551EC
1 10 428 00256666 E59FC28F
1 10 429 FEE9EB85 F5418F5C
1 10 430 FC72851F 0C2B6B85
1 10 431 E4FB3333 E9EAE148
1 10 432 0F075C29 F44375C3
1 10 433 F2A28F5C 1A266148
1 10 434 0FD70A3D 0DFABD71
1 10 435 0FA98000 F6778A3D
1 10 436 EEA470A4 1802CCCD
1 10 437 0F90A3D7 0B2E3333
1 10 438 F185A8F6 0322570A
1 10 439 E4F775C3 046F6B85
1 10 440 FB1875C3 0E05BD71
1 10 441 E50EC7AE EFE0CCCD
1 10 442 191F428F FAF73D71
1 10 443 F46475C3 10960000
1 10 444 107C0A3D 0C6BE148
1 10 445 0F07CCCD FDDBFAE1
1 10 446 EC41B852 E3F3A3D7
1 10 447 130E47AE 0ADC947B
1 10 448 131947AE F297C7AE
1 10 449 0A870000 1B582E14
1 10 450 0547AE14 EB918000
1 10 451 14BA9EB8 F9CE3D71
1 10 452 EF9BB852 153E2E14
1 10 453 0A157AE1 EBAACCCD
1 10 454 E75F75C3 E440DC29
1 10 455 E642570A 0199DC29
1 10 456 0FD6D1EC 11451EB8
1 10 457 F199E666 F2E06148
1 10 458 EF52E666 00A7DC29
1 10 459 F2726148 1482F5C3
1 10 460 FB3DA3D7 EBEB0A3D
1 10 461 1A1651EC FC593852
1 10 462 F7402E14 16DCA8F6
1 10 463 0093D70A EA800A3D
1 10 464 F0668F5C F7A24CCD
1 10 465 EAC43D71 0FEC28F6
1 10 466 01AACCCD 02873D71
1 10 467 E563428F F7AAA8F6
1 10 468 14A6999A 148AE148
1 10 469 F592F5C3 048CE666
1 10 470 F161947B 0A2A999A
1 10 471 F52AE666 E94E75C3
1 10 472 EEFB570A 11C7CCCD
1 10 473 E641E666 FCB80A3D
1 10 474 E47D947B E831570A
1 10 475 02CD6B85 124A0A3D
1 10 476 09996666 11A0DC29
1 10 477 0F098F5C F1D3199A
1 10 478 1B31E666 04CC0A3D
1 10 479 1B57F5C3 1876BD71
1 10 480 F6F5999A F6B19EB8
1 10 481 FE513D71 F0B90F5C
1 10 482 0F6C8F5C E8A0E148
1 10 483 E8E86148 F537A8F6
1 10 484 0EEF28F6 0C18F0A4
1 10 485 EF2CD70A FA61A3D7
1 10 486 F9D6D1EC EAC3947B
1 10 487 01A54CCD 0896AE14
1 10 488 F3BB0F5C 184228F6
1 10 489 0CC2C7AE F393051F
1 10 490 F5C4051F 076A999A
1 10 491 E573FAE1 0E6E3D71
1 10 492 14860A3D E420F5C3
1 10 493 157C0000 0A88199A
1 10 494 0A72199A E3FC0000
1 10 495 18FF5C29 1557EB85
1 10 496 EE36E148 07AB0F5C
1 10 497 FE0C28F6 F2B65C29
1 10 498 FE7B0A3D FC4AB333
1 10 499 E624DC29 F792E666
1 10 500 F9C0999A 1AFB1EB8
1 10 501 F0F35C29 FA41851F
1 10 502 092F947B 02BB6148
1 10 503 1278E666 1097C28F
1 10 504 FA849EB8 19D76666
1 10 505 F3EF6B85 F866199A
1 10 506 0EB1570A E88FF0A4
1 10 507 FA009EB8 1782C28F
1 10 508 07AD7AE1 0D2F75C3
1 10 509 1026AE14 E9B8B852
1 10 510 1A9EF0A4 099CEB85
1 10 511 E6B4851F 19BB3D71
1 11 0 1EB851EC 00000000
1 11 1 FE147AE1 00000000
1 11 2 01EB851F 00000000
1 11 3 FE147AE1 00000000
1 11 4 01EB851F 00000000
1 11 5 FE147AE1 00000000
1 11 6 01EB851F 00000000
1 11 7 FE147AE1 00000000
1 11 8 01EB851F 00000000
1 11 9 FE147AE1 00000000
1 11 10 01EB851F 00000000
1 11 11 FE147AE1 00000000
1 11 12 01EB851F 00000000
1 11 13 FE147AE1 00000000
1 11 14 01EB851F 00000000
1 11 15 FE147AE1 00000000
1 11 16 01EB851F 00000000
1 11 17 FE147AE1 00000000
1 11 18 01EB851F 00000000
1 11 19 FE147AE1 00000000
1 11 20 01EB851F 00000000
1 11 21 FE147AE1 00000000
1 11 22 01EB851F 00000000
1 11 23 FE147AE1 00000000
1 11 24 01EB851F 00000000
1 11 25 FE147AE1 00000000
1 11 26 01EB851F 00000000
1 11 27 FE147AE1 00000000
1 11 28 01EB851F 00000000
1 11 29 FE147AE1 00000000
1 11 30 01EB851F 00000000
1 11 31 FE147AE1 00000000
1 11 32 01EB851F 00000000
1 11 33 FE147AE1 00000000
1 11 34 01EB851F 00000000
1 11 35 FE147AE1 00000000
1 11 36 01EB851F 00000000
1 11 37 FE147AE1 00000000
1 11 38 01EB851F 00000000
1 11 39 FE147AE1 00000000
1 11 40 01EB851F 00000000
1 11 41 FE147AE1 00000000
1 11 42 01EB851F 00000000
1 11 43 FE147AE1 00000000
1 11 44 01EB851F 00000000
1 11 45 FE147AE1 00000000
1 11 46 01EB851F 00000000
1 11 47 FE147AE1 00000000
1 11 48 01EB851F 00000000
1 11 49 FE147AE1 00000000
1 11 50 01EB851F 00000000
1 11 51 FE147AE1 00000000
1 11 52 01EB851F 00000000
1 11 53 FE147AE1 00000000
1 11 54 01EB851F 00000000
1 11 55 FE147AE1 00000000
1 11 56 01EB851F 00000000
1 11 57 FE147AE1 00000000
1 11 58 01EB851F 00000000
1 11 59 FE147AE1 00000000
1 11 60 01EB851F 00000000
1 11 61 FE147AE1 00000000
1 11 62 01EB851F 00000000
1 11 63 FE147AE1 00000000
1 11 64 01EB851F 00000000
1 11 65 FE147AE1 00000000
1 11 66 01EB851F 00000000
1 11 67 FE147AE1 00000000
1 11 68 01EB851F 00000000
1 11 69 FE147AE1 00000000
1 11 70 01EB851F 00000000
1 11 71 FE147AE1 00000000
1 11 72 01EB851F 00000000
1 11 73 FE147AE1 00000000
1 11 74 01EB851F 00000000
1 11 75 FE147AE1 00000000
1 11 76 01EB851F 00000000
1 11 77 FE147AE1 00000000
1 11 78 01EB851F 00000000
1 11 79 FE147AE1 00000000
1 11 80 01EB851F 00000000
1 11 81 FE147AE1 00000000
1 11 82 01EB851F 00000000
1 11 83 FE147AE1 00000000
1 11 84 01EB851F 00000000
1 11 85 FE147AE1 00000000
1 11 86 01EB851F 00000000
1 11 87 FE147AE1 00000000
1 11 88 01EB851F 00000000
1 11 89 FE147AE1 00000000
1 11 90 01EB851F 00000000
1 11 91 FE147AE1 00000000
1 11 92 01EB851F 00000000
1 11 93 FE147AE1 00000000
1 11 94 01EB851F 00000000
1 11 95 FE147AE1 00000000
1 11 96 01EB851F 00000000
1 11 97 FE147AE1 00000000
1 11 98 01EB851F 00000000
1 11 99 FE147AE1 00000000
1 11 100 01EB851F 00000000
1 11 101 FE147AE1 00000000
1 11 102 01EB851F 00000000
1 11 103 FE147AE1 00000000
1 11 104 01EB851F 00000000
1 11 105 FE147AE1 00000000
1 11 106 01EB851F 00000000
1 11 107 FE147AE1 00000000
1 11 108 01EB851F 00000000
1 11 109 FE147AE1 00000000
1 11 110 01EB851F 00000000
1 11 111 FE147AE1 00000000
1 11 112 01EB851F 00000000
1 11 113 FE147AE1 00000000
1 11 114 01EB851F 00000000
1 11 115 FE147AE1 00000000
1 11 116 01EB851F 00000000
1 11 117 FE147AE1 00000000
1 11 118 01EB851F 00000000
1 11 119 FE147AE1 00000000
1 11 120 01EB851F 00000000
1 11 121 FE147AE1 00000000
1 11 122 01EB851F 00000000
1 11 123 FE147AE1 00000000
1 11 124 01EB851F 00000000
1 11 125 FE147AE1 00000000
1 11 126 01EB851F 00000000
1 11 127 FE147AE1 00000000
1 11 128 01EB851F 00000000
1 11 129 FE147AE1 00000000
1 11 130 01EB851F 00000000
1 11 131 FE147AE1 00000000
1 11 132 01EB851F 00000000
1 11 133 FE147AE1 00000000
1 11 134 01EB851F 00000000
1 11 135 FE147AE1 00000000
1 11 136 01EB851F 00000000
1 11 137 FE147AE1 00000000
1 11 138 01EB851F 00000000
1 11 139 FE147AE1 00000000
1 11 140 01EB851F 00000000
1 11 141 FE147AE1 00000000
1 11 142 01EB851F 00000000
1 11 143 FE147AE1 00000000
1 11 144 01EB851F 00000000
1 11 145 FE147AE1 00000000
1 11 146 01EB851F 00000000
1 11 147 FE147AE1 00000000
1 11 148 01EB851F 00000000
1 11 149 FE147AE1 00000000
1 11 150 01EB851F 00000000
1 11 151 FE147AE1 00000000
1 11 152 01EB851F 00000000
1 11 153 FE147AE1 00000000
1 11 154 01EB851F 00000000
1 11 155 FE147AE1 00000000
1 11 156 01EB851F 00000000
1 11 157 FE147AE1 00000000
1 11 158 01EB851F 00000000
1 11 159 FE147AE1 00000000
1 11 160 01EB851F 00000000
1 11 161 FE147AE1 00000000
1 11 162 01EB851F 00000000
1 11 163 FE147AE1 00000000
1 11 164 01EB851F 00000000
1 11 165 FE147AE1 00000000
1 11 166 01EB851F 00000000
1 11 167 FE147AE1 00000000
1 11 168 01EB851F 00000000
1 11 169 FE147AE1 00000000
1 11 170 01EB851F E28F5C29
1 11 171 FE147AE1 00000000
1 11 172 01EB851F 00000000
1 11 173 FE147AE1 00000000
1 11 174 01EB851F 00000000
1 11 175 FE147AE1 00000000
1 11 176 01EB851F 00000000
1 11 177 FE147AE1 00000000
1 11 178 01EB851F 00000000
1 11 179 FE147AE1 00000000
1 11 180 01EB851F 00000000
1 11 181 FE147AE1 00000000
1 11 182 01EB851F 00000000
1 11 183 FE147AE1 00000000
1 11 184 01EB851F 00000000
1 11 185 FE147AE1 00000000
1 11 186 01EB851F 00000000
1 11 187 FE147AE1 00000000
1 11 188 01EB851F 00000000
1 11 189 FE147AE1 00000000
1 11 190 01EB851F 00000000
1 11 191 FE147AE1 00000000
1 11 192 01EB851F 00000000
1 11 193 FE147AE1 00000000
1 11 194 01EB851F 00000000
1 11 195 FE147AE1 00000000
1 11 196 01EB851F 00000000
1 11 197 FE147AE1 00000000
1 11 198 01EB851F 00000000
1 11 199 FE147AE1 00000000
1 11 200 01EB851F 00000000
1 11 201 FE147AE1 00000000
1 11 202 01EB851F 00000000
1 11 203 FE147AE1 00000000
1 11 204 01EB851F 00000000
1 11 205 FE147AE1 00000000
1 11 206 01EB851F 00000000
1 11 207 FE147AE1 00000000
1 11 208 01EB851F 00000000
1 11 209 FE147AE1 00000000
1 11 210 01EB851F 00000000
1 11 211 FE147AE1 00000000
1 11 212 01EB851F 00000000
1 11 213 FE147AE1 00000000
1 11 214 01EB851F 00000000
1 11 215 FE147AE1 00000000
1 11 216 01EB851F 00000000
1 11 217 FE147AE1 00000000
1 11 218 01EB851F 00000000
1 11 219 FE147AE1 00000000
1 11 220 01EB851F 00000000
1 11 221 FE147AE1 00000000
1 11 222 01EB851F 00000000
1 11 223 FE147AE1 00000000
1 11 224 01EB851F 00000000
1 11 225 FE147AE1 00000000
1 11 226 01EB851F 00000000
1 11 227 FE147AE1 00000000
1 11 228 01EB851F 00000000
1 11 229 FE147AE1 00000000
1 11 230 01EB851F 00000000
1 11 231 FE147AE1 00000000
1 11 232 01EB851F 00000000
1 11 233 FE147AE1 00000000
1 11 234 01EB851F 00000000
1 11 235 FE147AE1 00000000
1 11 236 01EB851F 00000000
1 11 237 FE147AE1 00000000
1 11 238 01EB851F 00000000
1 11 239 FE147AE1 00000000
1 11 240 01EB851F 00000000
1 11 241 FE147AE1 00000000
1 11 242 01EB851F 00000000
1 11 243 FE147AE1 00000000
1 11 244 01EB851F 00000000
1 11 245 FE147AE1 00000000
1 11 246 01EB851F 00000000
1 11 247 FE147AE1 00000000
1 11 248 01EB851F 00000000
1 11 249 FE147AE1 00000000
1 11 250 01EB851F 00000000
1 11 251 FE147AE1 00000000
1 11 252 01EB851F 00000000
1 11 253 FE147AE1 00000000
1 11 254 01EB851F 00000000
1 11 255 FE147AE1 00000000
1 11 256 01EB851F 00000000
1 11 257 FE147AE1 00000000
1 11 258 01EB851F 00000000
1 11 259 FE147AE1 00000000
1 11 260 01EB851F 00000000
1 11 261 FE147AE1 00000000
1 11 262 01EB851F 00000000
1 11 263 FE147AE1 00000000
1 11 264 01EB851F 00000000
1 11 265 FE147AE1 00000000
1 11 266 01EB851F 00000000
1 11 267 FE147AE1 00000000
1 11 268 01EB851F 00000000
1 11 269 FE147AE1 00000000
1 11 270 01EB851F 00000000
1 11 271 FE147AE1 00000000
1 11 272 01EB851F 00000000
1 11 273 FE147AE1 00000000
1 11 274 01EB851F 00000000
1 11 275 FE147AE1 00000000
1 11 276 01EB851F 00000000
1 11 277 FE147AE1 00000000
1 11 278 01EB851F 00000000
1 11 279 FE147AE1 00000000
1 11 280 01EB851F 00000000
1 11 281 FE147AE1 00000000
1 11 282 01EB851F 00000000
1 11 283 FE147AE1 00000000
1 11 284 01EB851F 00000000
1 11 285 FE147AE1 00000000
1 11 286 01EB851F 00000000
1 11 287 FE147AE1 00000000
1 11 288 01EB851F 00000000
1 11 289 FE147AE1 00000000
1 11 290 01EB851F 00000000
1 11 291 FE147AE1 00000000
1 11 292 01EB851F 00000000
1 11 293 FE147AE1 00000000
1 11 294 01EB851F 00000000
1 11 295 FE147AE1 00000000
1 11 296 01EB851F 00000000
1 11 297 FE147AE1 00000000
1 11 298 01EB851F 00000000
1 11 299 FE147AE1 00000000
1 11 300 01EB851F 00000000
1 11 301 FE147AE1 00000000
1 11 302 01EB851F 00000000
1 11 303 FE147AE1 00000000
1 11 304 01EB851F 00000000
1 11 305 FE147AE1 00000000
1 11 306 01EB851F 00000000
1 11 307 FE147AE1 00000000
1 11 308 01EB851F 00000000
1 11 309 FE147AE1 00000000
1 11 310 01EB851F 00000000
1 11 311 FE147AE1 00000000
1 11 312 01EB851F 00000000
1 11 313 FE147AE1 00000000
1 11 314 01EB851F 00000000
1 11 315 FE147AE1 00000000
1 11 316 01EB851F 00000000
1 11 317 FE147AE1 00000000
1 11 318 01EB851F 00000000
1 11 319 FE147AE1 00000000
1 11 320 01EB851F 00000000
1 11 321 FE147AE1 00000000
1 11 322 01EB851F 00000000
1 11 323 FE147AE1 00000000
1 11 324 01EB851F 00000000
1 11 325 FE147AE1 00000000
1 11 326 01EB851F 00000000
1 11 327 FE147AE1 00000000
1 11 328 01EB851F 00000000
1 11 329 FE147AE1 00000000
1 11 330 01EB851F 00000000
1 11 331 FE147AE1 00000000
1 11 332 01EB851F 00000000
1 11 333 FE147AE1 00000000
1 11 334 01EB851F 00000000
1 11 335 FE147AE1 00000000
1 11 336 01EB851F 00000000
1 11 337 FE147AE1 00000000
1 11 338 01EB851F 00000000
1 11 339 FE147AE1 00000000
1 11 340 01EB851F 00000000
1 11 341 FE147AE1 00000000
1 11 342 01EB851F 00000000
1 11 343 FE147AE1 00000000
1 11 344 01EB851F 00000000
1 11 345 FE147AE1 00000000
1 11 346 01EB851F 00000000
1 11 347 FE147AE1 00000000
1 11 348 01EB851F 00000000
1 11 349 FE147AE1 00000000
1 11 350 01EB851F 00000000
1 11 351 FE147AE1 00000000
1 11 352 01EB851F 00000000
1 11 353 FE147AE1 00000000
1 11 354 01EB851F 00000000
1 11 355 FE147AE1 00000000
1 11 356 01EB851F 00000000
1 11 357 FE147AE1 00000000
1 11 358 01EB851F 00000000
1 11 359 FE147AE1 00000000
1 11 360 01EB851F 00000000
1 11 361 FE147AE1 00000000
1 11 362 01EB851F 00000000
1 11 363 FE147AE1 00000000
1 11 364 01EB851F 00000000
1 11 365 FE147AE1 00000000
1 11 366 01EB851F 00000000
1 11 367 FE147AE1 00000000
1 11 368 01EB851F 00000000
1 11 369 FE147AE1 00000000
1 11 370 01EB851F 00000000
1 11 371 FE147AE1 00000000
1 11 372 01EB851F 00000000
1 11 373 FE147AE1 00000000
1 11 374 01EB851F 00000000
1 11 375 FE147AE1 00000000
1 11 376 01EB851F 00000000
1 11 377 FE147AE1 00000000
1 11 378 01EB851F 00000000
1 11 379 FE147AE1 00000000
1 11 380 01EB851F 00000000
1 11 381 FE147AE1 00000000
1 11 382 01EB851F 00000000
1 11 383 FE147AE1 00000000
1 11 384 01EB851F 00000000
1 11 385 FE147AE1 00000000
1 11 386 01EB851F 00000000
1 11 387 FE147AE1 00000000
1 11 388 01EB851F 00000000
1 11 389 FE147AE1 00000000
1 11 390 01EB851F 00000000
1 11 391 FE147AE1 00000000
1 11 392 01EB851F 00000000
1 11 393 FE147AE1 00000000
1 11 394 01EB851F 00000000
1 11 395 FE147AE1 00000000
1 11 396 01EB851F 00000000
1 11 397 FE147AE1 00000000
1 11 398 01EB851F 00000000
1 11 399 FE147AE1 00000000
1 11 400 01EB851F 00000000
1 11 401 FE147AE1 00000000
1 11 402 01EB851F 00000000
1 11 403 FE147AE1 00000000
1 11 404 01EB851F 00000000
1 11 405 FE147AE1 00000000
1 11 406 01EB851F 00000000
1 11 407 FE147AE1 00000000
1 11 408 01EB851F 00000000
1 11 409 FE147AE1 00000000
1 11 410 01EB851F 00000000
1 11 411 FE147AE1 00000000
1 11 412 01EB851F 00000000
1 11 413 FE147AE1 00000000
1 11 414 01EB851F 00000000
1 11 415 FE147AE1 00000000
1 11 416 01EB851F 00000000
1 11 417 FE147AE1 00000000
1 11 418 01EB851F 00000000
1 11 419 FE147AE1 00000000
1 11 420 01EB851F 00000000
1 11 421 FE147AE1 00000000
1 11 422 01EB851F 00000000
1 11 423 FE147AE1 00000000
1 11 424 01EB851F 00000000
1 11 425 FE147AE1 00000000
1 11 426 01EB851F 00000000
1 11 427 FE147AE1 00000000
1 11 428 01EB851F 00000000
1 11 429 FE147AE1 00000000
1 11 430 01EB851F 00000000
1 11 431 FE147AE1 00000000
1 11 432 01EB851F 00000000
1 11 433 FE147AE1 00000000
1 11 434 01EB851F 00000000
1 11 435 FE147AE1 00000000
1 11 436 01EB851F 00000000
1 11 437 FE147AE1 00000000
1 11 438 01EB851F 00000000
1 11 439 FE147AE1 00000000
1 11 440 01EB851F 00000000
1 11 441 FE147AE1 00000000
1 11 442 01EB851F 00000000
1 11 443 FE147AE1 00000000
1 11 444 01EB851F 00000000
1 11 445 FE147AE1 00000000
1 11 446 01EB851F 00000000
1 11 447 FE147AE1 00000000
1 11 448 01EB851F 00000000
1 11 449 FE147AE1 00000000
1 11 450 01EB851F 00000000
1 11 451 FE147AE1 00000000
1 11 452 01EB851F 00000000
1 11 453 FE147AE1 00000000
1 11 454 01EB851F 00000000
1 11 455 FE147AE1 00000000
1 11 456 01EB851F 00000000
1 11 457 FE147AE1 00000000
1 11 458 01EB851F 00000000
1 11 459 FE147AE1 00000000
1 11 460 01EB851F 00000000
1 11 461 FE147AE1 00000000
1 11 462 01EB851F 00000000
1 11 463 FE147AE1 00000000
1 11 464 01EB851F 00000000
1 11 465 FE147AE1 00000000
1 11 466 01EB851F 00000000
1 11 467 FE147AE1 00000000
1 11 468 01EB851F 00000000
1 11 469 FE147AE1 00000000
1 11 470 01EB851F 00000000
1 11 471 FE147AE1 00000000
1 11 472 01EB851F 00000000
1 11 473 FE147AE1 00000000
1 11 474 01EB851F 00000000
1 11 475 FE147AE1 00000000
1 11 476 01EB851F 00000000
1 11 477 FE147AE1 00000000
1 11 478 01EB851F 00000000
1 11 479 FE147AE1 00000000
1 11 480 01EB851F 00000000
1 11 481 FE147AE1 00000000
1 11 482 01EB851F 00000000
1 11 483 FE147AE1 00000000
1 11 484 01EB851F 00000000
1 11 485 FE147AE1 00000000
1 11 486 01EB851F 00000000
1 11 487 FE147AE1 00000000
1 11 488 01EB851F 00000000
1 11 489 FE147AE1 00000000
1 11 490 01EB851F 00000000
1 11 491 FE147AE1 00000000
1 11 492 01EB851F 00000000
1 11 493 FE147AE1 00000000
1 11 494 01EB851F 00000000
1 11 495 FE147AE1 00000000
1 11 496 01EB851F 00000000
1 11 497 FE147AE1 00000000
1 11 498 01EB851F 00000000
1 11 499 FE147AE1 00000000
1 11 500 01EB851F 00000000
1 11 501 FE147AE1 00000000
1 11 502 01EB851F 00000000
1 11 503 FE147AE1 00000000
1 11 504 01EB851F 00000000
1 11 505 FE147AE1 00000000
1 11 506 01EB851F 00000000
1 11 507 FE147AE1 00000000
1 11 508 01EB851F 00000000
1 11 509 FE147AE1 00000000
1 11 510 01EB851F 00000000
1 11 511 FE147AE1 00000000
