1 0 0 00000000 00000000 8
1 0 1 00000000 00000000 8
1 0 2 00000000 00000000 8
1 0 3 00000000 00000000 8
1 0 4 00000000 00000000 8
1 0 5 00000000 00000000 8
1 0 6 00000000 00000000 8
1 0 7 00000000 00000000 8
1 0 8 00000000 00000000 8
1 0 9 00000000 00000000 8
1 0 10 00000000 00000000 8
1 0 11 00000000 00000000 8
1 0 12 00000000 00000000 8
1 0 13 00000000 00000000 8
1 0 14 00000000 00000000 8
1 0 15 00000000 00000000 8
1 0 16 00000000 00000000 8
1 0 17 00000000 00000000 8
1 0 18 00000000 00000000 8
1 0 19 00000000 00000000 8
1 0 20 00000000 00000000 8
1 0 21 00000000 00000000 8
1 0 22 00000000 00000000 8
1 0 23 00000000 00000000 8
1 0 24 00000000 00000000 8
1 0 25 00000000 00000000 8
1 0 26 00000000 00000000 8
1 0 27 00000000 00000000 8
1 0 28 00000000 00000000 8
1 0 29 00000000 00000000 8
1 0 30 00000000 00000000 8
1 0 31 00000000 00000000 8
1 0 32 00000000 00000000 8
1 0 33 00000000 00000000 8
1 0 34 00000000 00000000 8
1 0 35 00000000 00000000 8
1 0 36 00000000 00000000 8
1 0 37 00000000 00000000 8
1 0 38 00000000 00000000 8
1 0 39 00000000 00000000 8
1 0 40 00000000 00000000 8
1 0 41 00000000 00000000 8
1 0 42 00000000 00000000 8
1 0 43 00000000 00000000 8
1 0 44 00000000 00000000 8
1 0 45 00000000 00000000 8
1 0 46 00000000 00000000 8
1 0 47 00000000 00000000 8
1 0 48 00000000 00000000 8
1 0 49 00000000 00000000 8
1 0 50 00000000 00000000 8
1 0 51 00000000 00000000 8
1 0 52 00000000 00000000 8
1 0 53 00000000 00000000 8
1 0 54 00000000 00000000 8
1 0 55 00000000 00000000 8
1 0 56 00000000 00000000 8
1 0 57 00000000 00000000 8
1 0 58 00000000 00000000 8
1 0 59 00000000 00000000 8
1 0 60 00000000 00000000 8
1 0 61 00000000 00000000 8
1 0 62 00000000 00000000 8
1 0 63 00000000 00000000 8
1 0 64 00000000 00000000 8
1 0 65 00000000 00000000 8
1 0 66 00000000 00000000 8
1 0 67 00000000 00000000 8
1 0 68 00000000 00000000 8
1 0 69 00000000 00000000 8
1 0 70 00000000 00000000 8
1 0 71 00000000 00000000 8
1 0 72 00000000 00000000 8
1 0 73 00000000 00000000 8
1 0 74 00000000 00000000 8
1 0 75 00000000 00000000 8
1 0 76 00000000 00000000 8
1 0 77 00000000 00000000 8
1 0 78 00000000 00000000 8
1 0 79 00000000 00000000 8
1 0 80 00000000 00000000 8
1 0 81 00000000 00000000 8
1 0 82 00000000 00000000 8
1 0 83 00000000 00000000 8
1 0 84 00000000 00000000 8
1 0 85 00000000 00000000 8
1 0 86 00000000 00000000 8
1 0 87 00000000 00000000 8
1 0 88 00000000 00000000 8
1 0 89 00000000 00000000 8
1 0 90 00000000 00000000 8
1 0 91 00000000 00000000 8
1 0 92 00000000 00000000 8
1 0 93 00000000 00000000 8
1 0 94 00000000 00000000 8
1 0 95 00000000 00000000 8
1 0 96 00000000 00000000 8
1 0 97 00000000 00000000 8
1 0 98 00000000 00000000 8
1 0 99 00000000 00000000 8
1 0 100 00000000 00000000 8
1 0 101 00000000 00000000 8
1 0 102 00000000 00000000 8
1 0 103 00000000 00000000 8
1 0 104 00000000 00000000 8
1 0 105 00000000 00000000 8
1 0 106 00000000 00000000 8
1 0 107 00000000 00000000 8
1 0 108 00000000 00000000 8
1 0 109 00000000 00000000 8
1 0 110 00000000 00000000 8
1 0 111 00000000 00000000 8
1 0 112 00000000 00000000 8
1 0 113 00000000 00000000 8
1 0 114 00000000 00000000 8
1 0 115 00000000 00000000 8
1 0 116 00000000 00000000 8
1 0 117 00000000 00000000 8
1 0 118 00000000 00000000 8
1 0 119 00000000 00000000 8
1 0 120 00000000 00000000 8
1 0 121 00000000 00000000 8
1 0 122 00000000 00000000 8
1 0 123 00000000 00000000 8
1 0 124 00000000 00000000 8
1 0 125 00000000 00000000 8
1 0 126 00000000 00000000 8
1 0 127 00000000 00000000 8
1 0 128 00000000 00000000 8
1 0 129 00000000 00000000 8
1 0 130 00000000 00000000 8
1 0 131 00000000 00000000 8
1 0 132 00000000 00000000 8
1 0 133 00000000 00000000 8
1 0 134 00000000 00000000 8
1 0 135 00000000 00000000 8
1 0 136 00000000 00000000 8
1 0 137 00000000 00000000 8
1 0 138 00000000 00000000 8
1 0 139 00000000 00000000 8
1 0 140 00000000 00000000 8
1 0 141 00000000 00000000 8
1 0 142 00000000 00000000 8
1 0 143 00000000 00000000 8
1 0 144 00000000 00000000 8
1 0 145 00000000 00000000 8
1 0 146 00000000 00000000 8
1 0 147 00000000 00000000 8
1 0 148 00000000 00000000 8
1 0 149 00000000 00000000 8
1 0 150 00000000 00000000 8
1 0 151 00000000 00000000 8
1 0 152 00000000 00000000 8
1 0 153 00000000 00000000 8
1 0 154 00000000 00000000 8
1 0 155 00000000 00000000 8
1 0 156 00000000 00000000 8
1 0 157 00000000 00000000 8
1 0 158 00000000 00000000 8
1 0 159 00000000 00000000 8
1 0 160 00000000 00000000 8
1 0 161 00000000 00000000 8
1 0 162 00000000 00000000 8
1 0 163 00000000 00000000 8
1 0 164 00000000 00000000 8
1 0 165 00000000 00000000 8
1 0 166 00000000 00000000 8
1 0 167 00000000 00000000 8
1 0 168 00000000 00000000 8
1 0 169 00000000 00000000 8
1 0 170 00000000 00000000 8
1 0 171 00000000 00000000 8
1 0 172 00000000 00000000 8
1 0 173 00000000 00000000 8
1 0 174 00000000 00000000 8
1 0 175 00000000 00000000 8
1 0 176 00000000 00000000 8
1 0 177 00000000 00000000 8
1 0 178 00000000 00000000 8
1 0 179 00000000 00000000 8
1 0 180 00000000 00000000 8
1 0 181 00000000 00000000 8
1 0 182 00000000 00000000 8
1 0 183 00000000 00000000 8
1 0 184 00000000 00000000 8
1 0 185 00000000 00000000 8
1 0 186 00000000 00000000 8
1 0 187 00000000 00000000 8
1 0 188 00000000 00000000 8
1 0 189 00000000 00000000 8
1 0 190 00000000 00000000 8
1 0 191 00000000 00000000 8
1 0 192 00000000 00000000 8
1 0 193 00000000 00000000 8
1 0 194 00000000 00000000 8
1 0 195 00000000 00000000 8
1 0 196 00000000 00000000 8
1 0 197 00000000 00000000 8
1 0 198 00000000 00000000 8
1 0 199 00000000 00000000 8
1 0 200 00000000 00000000 8
1 0 201 00000000 00000000 8
1 0 202 00000000 00000000 8
1 0 203 00000000 00000000 8
1 0 204 00000000 00000000 8
1 0 205 00000000 00000000 8
1 0 206 00000000 00000000 8
1 0 207 00000000 00000000 8
1 0 208 00000000 00000000 8
1 0 209 00000000 00000000 8
1 0 210 00000000 00000000 8
1 0 211 00000000 00000000 8
1 0 212 00000000 00000000 8
1 0 213 00000000 00000000 8
1 0 214 00000000 00000000 8
1 0 215 00000000 00000000 8
1 0 216 00000000 00000000 8
1 0 217 00000000 00000000 8
1 0 218 00000000 00000000 8
1 0 219 00000000 00000000 8
1 0 220 00000000 00000000 8
1 0 221 00000000 00000000 8
1 0 222 00000000 00000000 8
1 0 223 00000000 00000000 8
1 0 224 00000000 00000000 8
1 0 225 00000000 00000000 8
1 0 226 00000000 00000000 8
1 0 227 00000000 00000000 8
1 0 228 00000000 00000000 8
1 0 229 00000000 00000000 8
1 0 230 00000000 00000000 8
1 0 231 00000000 00000000 8
1 0 232 00000000 00000000 8
1 0 233 00000000 00000000 8
1 0 234 00000000 00000000 8
1 0 235 00000000 00000000 8
1 0 236 00000000 00000000 8
1 0 237 00000000 00000000 8
1 0 238 00000000 00000000 8
1 0 239 00000000 00000000 8
1 0 240 00000000 00000000 8
1 0 241 00000000 00000000 8
1 0 242 00000000 00000000 8
1 0 243 00000000 00000000 8
1 0 244 00000000 00000000 8
1 0 245 00000000 00000000 8
1 0 246 00000000 00000000 8
1 0 247 00000000 00000000 8
1 0 248 00000000 00000000 8
1 0 249 00000000 00000000 8
1 0 250 00000000 00000000 8
1 0 251 00000000 00000000 8
1 0 252 00000000 00000000 8
1 0 253 00000000 00000000 8
1 0 254 00000000 00000000 8
1 0 255 00000000 00000000 8
1 0 256 00000000 00000000 8
1 0 257 00000000 00000000 8
1 0 258 00000000 00000000 8
1 0 259 00000000 00000000 8
1 0 260 00000000 00000000 8
1 0 261 00000000 00000000 8
1 0 262 00000000 00000000 8
1 0 263 00000000 00000000 8
1 0 264 00000000 00000000 8
1 0 265 00000000 00000000 8
1 0 266 00000000 00000000 8
1 0 267 00000000 00000000 8
1 0 268 00000000 00000000 8
1 0 269 00000000 00000000 8
1 0 270 00000000 00000000 8
1 0 271 00000000 00000000 8
1 0 272 00000000 00000000 8
1 0 273 00000000 00000000 8
1 0 274 00000000 00000000 8
1 0 275 00000000 00000000 8
1 0 276 00000000 00000000 8
1 0 277 00000000 00000000 8
1 0 278 00000000 00000000 8
1 0 279 00000000 00000000 8
1 0 280 00000000 00000000 8
1 0 281 00000000 00000000 8
1 0 282 00000000 00000000 8
1 0 283 00000000 00000000 8
1 0 284 00000000 00000000 8
1 0 285 00000000 00000000 8
1 0 286 00000000 00000000 8
1 0 287 00000000 00000000 8
1 0 288 00000000 00000000 8
1 0 289 00000000 00000000 8
1 0 290 00000000 00000000 8
1 0 291 00000000 00000000 8
1 0 292 00000000 00000000 8
1 0 293 00000000 00000000 8
1 0 294 00000000 00000000 8
1 0 295 00000000 00000000 8
1 0 296 00000000 00000000 8
1 0 297 00000000 00000000 8
1 0 298 00000000 00000000 8
1 0 299 00000000 00000000 8
1 0 300 00000000 00000000 8
1 0 301 00000000 00000000 8
1 0 302 00000000 00000000 8
1 0 303 00000000 00000000 8
1 0 304 00000000 00000000 8
1 0 305 00000000 00000000 8
1 0 306 00000000 00000000 8
1 0 307 00000000 00000000 8
1 0 308 00000000 00000000 8
1 0 309 00000000 00000000 8
1 0 310 00000000 00000000 8
1 0 311 00000000 00000000 8
1 0 312 00000000 00000000 8
1 0 313 00000000 00000000 8
1 0 314 00000000 00000000 8
1 0 315 00000000 00000000 8
1 0 316 00000000 00000000 8
1 0 317 00000000 00000000 8
1 0 318 00000000 00000000 8
1 0 319 00000000 00000000 8
1 0 320 00000000 00000000 8
1 0 321 00000000 00000000 8
1 0 322 00000000 00000000 8
1 0 323 00000000 00000000 8
1 0 324 00000000 00000000 8
1 0 325 00000000 00000000 8
1 0 326 00000000 00000000 8
1 0 327 00000000 00000000 8
1 0 328 00000000 00000000 8
1 0 329 00000000 00000000 8
1 0 330 00000000 00000000 8
1 0 331 00000000 00000000 8
1 0 332 00000000 00000000 8
1 0 333 00000000 00000000 8
1 0 334 00000000 00000000 8
1 0 335 00000000 00000000 8
1 0 336 00000000 00000000 8
1 0 337 00000000 00000000 8
1 0 338 00000000 00000000 8
1 0 339 00000000 00000000 8
1 0 340 00000000 00000000 8
1 0 341 00000000 00000000 8
1 0 342 00000000 00000000 8
1 0 343 00000000 00000000 8
1 0 344 00000000 00000000 8
1 0 345 00000000 00000000 8
1 0 346 00000000 00000000 8
1 0 347 00000000 00000000 8
1 0 348 00000000 00000000 8
1 0 349 00000000 00000000 8
1 0 350 00000000 00000000 8
1 0 351 00000000 00000000 8
1 0 352 00000000 00000000 8
1 0 353 00000000 00000000 8
1 0 354 00000000 00000000 8
1 0 355 00000000 00000000 8
1 0 356 00000000 00000000 8
1 0 357 00000000 00000000 8
1 0 358 00000000 00000000 8
1 0 359 00000000 00000000 8
1 0 360 00000000 00000000 8
1 0 361 00000000 00000000 8
1 0 362 00000000 00000000 8
1 0 363 00000000 00000000 8
1 0 364 00000000 00000000 8
1 0 365 00000000 00000000 8
1 0 366 00000000 00000000 8
1 0 367 00000000 00000000 8
1 0 368 00000000 00000000 8
1 0 369 00000000 00000000 8
1 0 370 00000000 00000000 8
1 0 371 00000000 00000000 8
1 0 372 00000000 00000000 8
1 0 373 00000000 00000000 8
1 0 374 00000000 00000000 8
1 0 375 00000000 00000000 8
1 0 376 00000000 00000000 8
1 0 377 00000000 00000000 8
1 0 378 00000000 00000000 8
1 0 379 00000000 00000000 8
1 0 380 00000000 00000000 8
1 0 381 00000000 00000000 8
1 0 382 00000000 00000000 8
1 0 383 00000000 00000000 8
1 0 384 00000000 00000000 8
1 0 385 00000000 00000000 8
1 0 386 00000000 00000000 8
1 0 387 00000000 00000000 8
1 0 388 00000000 00000000 8
1 0 389 00000000 00000000 8
1 0 390 00000000 00000000 8
1 0 391 00000000 00000000 8
1 0 392 00000000 00000000 8
1 0 393 00000000 00000000 8
1 0 394 00000000 00000000 8
1 0 395 00000000 00000000 8
1 0 396 00000000 00000000 8
1 0 397 00000000 00000000 8
1 0 398 00000000 00000000 8
1 0 399 00000000 00000000 8
1 0 400 00000000 00000000 8
1 0 401 00000000 00000000 8
1 0 402 00000000 00000000 8
1 0 403 00000000 00000000 8
1 0 404 00000000 00000000 8
1 0 405 00000000 00000000 8
1 0 406 00000000 00000000 8
1 0 407 00000000 00000000 8
1 0 408 00000000 00000000 8
1 0 409 00000000 00000000 8
1 0 410 00000000 00000000 8
1 0 411 00000000 00000000 8
1 0 412 00000000 00000000 8
1 0 413 00000000 00000000 8
1 0 414 00000000 00000000 8
1 0 415 00000000 00000000 8
1 0 416 00000000 00000000 8
1 0 417 00000000 00000000 8
1 0 418 00000000 00000000 8
1 0 419 00000000 00000000 8
1 0 420 00000000 00000000 8
1 0 421 00000000 00000000 8
1 0 422 00000000 00000000 8
1 0 423 00000000 00000000 8
1 0 424 00000000 00000000 8
1 0 425 00000000 00000000 8
1 0 426 00000000 00000000 8
1 0 427 00000000 00000000 8
1 0 428 00000000 00000000 8
1 0 429 00000000 00000000 8
1 0 430 00000000 00000000 8
1 0 431 00000000 00000000 8
1 0 432 00000000 00000000 8
1 0 433 00000000 00000000 8
1 0 434 00000000 00000000 8
1 0 435 00000000 00000000 8
1 0 436 00000000 00000000 8
1 0 437 00000000 00000000 8
1 0 438 00000000 00000000 8
1 0 439 00000000 00000000 8
1 0 440 00000000 00000000 8
1 0 441 00000000 00000000 8
1 0 442 00000000 00000000 8
1 0 443 00000000 00000000 8
1 0 444 00000000 00000000 8
1 0 445 00000000 00000000 8
1 0 446 00000000 00000000 8
1 0 447 00000000 00000000 8
1 0 448 00000000 00000000 8
1 0 449 00000000 00000000 8
1 0 450 00000000 00000000 8
1 0 451 00000000 00000000 8
1 0 452 00000000 00000000 8
1 0 453 00000000 00000000 8
1 0 454 00000000 00000000 8
1 0 455 00000000 00000000 8
1 0 456 00000000 00000000 8
1 0 457 00000000 00000000 8
1 0 458 00000000 00000000 8
1 0 459 00000000 00000000 8
1 0 460 00000000 00000000 8
1 0 461 00000000 00000000 8
1 0 462 00000000 00000000 8
1 0 463 00000000 00000000 8
1 0 464 00000000 00000000 8
1 0 465 00000000 00000000 8
1 0 466 00000000 00000000 8
1 0 467 00000000 00000000 8
1 0 468 00000000 00000000 8
1 0 469 00000000 00000000 8
1 0 470 00000000 00000000 8
1 0 471 00000000 00000000 8
1 0 472 00000000 00000000 8
1 0 473 00000000 00000000 8
1 0 474 00000000 00000000 8
1 0 475 00000000 00000000 8
1 0 476 00000000 00000000 8
1 0 477 00000000 00000000 8
1 0 478 00000000 00000000 8
1 0 479 00000000 00000000 8
1 0 480 00000000 00000000 8
1 0 481 00000000 00000000 8
1 0 482 00000000 00000000 8
1 0 483 00000000 00000000 8
1 0 484 00000000 00000000 8
1 0 485 00000000 00000000 8
1 0 486 00000000 00000000 8
1 0 487 00000000 00000000 8
1 0 488 00000000 00000000 8
1 0 489 00000000 00000000 8
1 0 490 00000000 00000000 8
1 0 491 00000000 00000000 8
1 0 492 00000000 00000000 8
1 0 493 00000000 00000000 8
1 0 494 00000000 00000000 8
1 0 495 00000000 00000000 8
1 0 496 00000000 00000000 8
1 0 497 00000000 00000000 8
1 0 498 00000000 00000000 8
1 0 499 00000000 00000000 8
1 0 500 00000000 00000000 8
1 0 501 00000000 00000000 8
1 0 502 00000000 00000000 8
1 0 503 00000000 00000000 8
1 0 504 00000000 00000000 8
1 0 505 00000000 00000000 8
1 0 506 00000000 00000000 8
1 0 507 00000000 00000000 8
1 0 508 00000000 00000000 8
1 0 509 00000000 00000000 8
1 0 510 00000000 00000000 8
1 0 511 00000000 00000000 8
0 1 0 00F5C28F FF333333 5
0 1 1 00BA4EAF FF3C05CA 5
0 1 2 0083FA07 FF55B757 5
0 1 3 00577253 FF7E12EC 5
0 1 4 00388D09 FFB1A0AE 5
0 1 5 0029F112 FFEBED75 5
0 1 6 002CE3E3 0027F431 5
0 1 7 0041249A 00608A5C 5
0 1 8 0064F28E 0090D001 5
0 1 9 00953832 00B49DF4 5
0 1 10 00CDCE5D 00C8DEAB 5
0 1 11 0109D519 00CBD17C 5
0 1 12 014421E0 00BD3585 5
0 1 13 0177AFA2 009E503B 5
0 1 14 01A00B37 0071C887 5
0 1 15 01B9BCC4 003B73DF 5
0 1 16 01C28F5C 00000000 5
0 1 17 01B9BCC5 FFC48C22 5
0 1 18 01A00B38 FF8E377A 5
0 1 19 0177AFA3 FF61AFC6 5
0 1 20 014421E1 FF42CA7C 5
0 1 21 0109D51A FF342E85 5
0 1 22 00CDCE5E FF372156 5
0 1 23 00953833 FF4B620D 5
0 1 24 0064F28F FF6F3000 5
0 1 25 0041249B FF9F75A5 5
0 1 26 002CE3E4 FFD80BD0 5
0 1 27 0029F113 0014128C 5
0 1 28 00388D0A 004E5F53 5
0 1 29 00577254 0081ED15 5
0 1 30 0083FA08 00AA48AA 5
0 1 31 00BA4EB0 00C3FA37 5
0 1 32 00F5C28F 00CCCCCD 5
0 1 33 0131366F 00C3FA36 5
0 1 34 01678B17 00AA48A9 5
0 1 35 019412CB 0081ED14 5
0 1 36 01B2F815 004E5F52 5
0 1 37 01C1940C 0014128B 5
0 1 38 01BEA13B FFD80BCF 5
0 1 39 01AA6084 FF9F75A4 5
0 1 40 01869290 FF6F2FFF 5
0 1 41 01564CEC FF4B620C 5
0 1 42 011DB6C1 FF372155 5
0 1 43 00E1B005 FF342E84 5
0 1 44 00A7633E FF42CA7B 5
0 1 45 0073D57C FF61AFC5 5
0 1 46 004B79E7 FF8E3779 5
0 1 47 0031C85A FFC48C21 5
0 1 48 0028F5C2 00000000 5
0 1 49 0031C859 003B73DE 5
0 1 50 004B79E6 0071C886 5
0 1 51 0073D57B 009E503A 5
0 1 52 00A7633D 00BD3584 5
0 1 53 00E1B004 00CBD17B 5
0 1 54 011DB6C0 00C8DEAA 5
0 1 55 01564CEB 00B49DF3 5
0 1 56 0186928F 0090D000 5
0 1 57 01AA6083 00608A5B 5
0 1 58 01BEA13A 0027F430 5
0 1 59 01C1940B FFEBED74 5
0 1 60 01B2F814 FFB1A0AD 5
0 1 61 019412CA FF7E12EB 5
0 1 62 01678B16 FF55B756 5
0 1 63 0131366E FF3C05C9 5
0 2 0 00000000 00000000 5
0 2 1 FFFFFFEF 00000052 5
0 2 2 00000000 00000000 5
0 2 3 000003C0 000012EA 5
0 2 4 00000000 00000000 5
0 2 5 00000019 FFFFFFD7 5
0 2 6 00000000 00000000 5
0 2 7 2CCCB744 00000C84 5
0 2 8 00000000 00000000 5
0 2 9 0000006A 00000007 5
0 2 10 00000000 00000000 5
0 2 11 000003C3 FFFFED17 5
0 2 12 00000000 00000000 5
0 2 13 0000001A FFFFFFEE 5
0 2 14 00000000 00000000 5
0 2 15 FFFFF949 0000093C 5
0 2 16 00000000 00000000 5
0 2 17 FFFFFFE4 00000015 5
0 2 18 00000000 00000000 5
0 2 19 000003C3 FFFFFA5F 5
0 2 20 00000000 00000000 5
0 2 21 0000001B FFFFFFFA 5
0 2 22 00000000 00000000 5
0 2 23 FFFFFF2A FFFFF146 5
0 2 24 00000000 00000000 5
0 2 25 FFFFFFD8 FFFFFFCC 5
0 2 26 00000000 00000000 5
0 2 27 000003C3 FFFFFD7C 5
0 2 28 00000000 00000000 5
0 2 29 0000001B 00000005 5
0 2 30 00000000 00000000 5
0 2 31 FFFFFB55 000000BD 5
0 2 32 00000000 00000000 5
0 2 33 FFFFFFDF FFFFFFFA 5
0 2 34 00000000 00000000 5
0 2 35 000003C4 FFFFFF40 5
0 2 36 00000000 00000000 5
0 2 37 0000001D 00000011 5
0 2 38 00000000 00000000 5
0 2 39 FFFFFA84 00000724 5
0 2 40 00000000 00000000 5
0 2 41 FFFFFFFC 0000006B 5
0 2 42 00000000 00000000 5
0 2 43 000003C3 000000BF 5
0 2 44 00000000 00000000 5
0 2 45 0000001C 00000028 5
0 2 46 00000000 00000000 5
0 2 47 FFFFFC2D FFFFFD38 5
0 2 48 00000000 00000000 5
0 2 49 FFFFFFD0 FFFFFFBB 5
0 2 50 00000000 00000000 5
0 2 51 000003C3 00000283 5
0 2 52 00000000 00000000 5
0 2 53 0000001B 0000008A 5
0 2 54 00000000 00000000 5
0 2 55 00000EBC FFFFFF28 5
0 2 56 00000000 00000000 5
0 2 57 0147AD78 FFFFFFA2 5
0 2 58 00000000 00000000 5
0 2 59 000003C3 0000059E 5
0 2 60 00000000 00000000 5
0 2 61 0000001D FFFFFF73 5
0 2 62 00000000 00000000 5
0 2 63 FFFFFE37 FFFFF4B5 5
0 3 0 00000000 00000000 5
0 3 1 00000000 00000000 5
0 3 2 00000000 00000000 5
0 3 3 00000000 00000000 5
0 3 4 00000000 00000000 5
0 3 5 00000000 00000000 5
0 3 6 00000000 00000000 5
0 3 7 00000000 00000000 5
0 3 8 00000000 00000000 5
0 3 9 00000000 00000000 5
0 3 10 00000000 00000000 5
0 3 11 00000000 00000000 5
0 3 12 00000000 00000000 5
0 3 13 00000000 00000000 5
0 3 14 00000000 00000000 5
0 3 15 00000000 00000000 5
0 3 16 F0000000 F0000000 5
0 3 17 00000000 00000000 5
0 3 18 00000000 00000000 5
0 3 19 00000000 00000000 5
0 3 20 00000000 00000000 5
0 3 21 00000000 00000000 5
0 3 22 00000000 00000000 5
0 3 23 00000000 00000000 5
0 3 24 00000000 00000000 5
0 3 25 00000000 00000000 5
0 3 26 00000000 00000000 5
0 3 27 00000000 00000000 5
0 3 28 00000000 00000000 5
0 3 29 00000000 00000000 5
0 3 30 00000000 00000000 5
0 3 31 00000000 00000000 5
0 3 32 3D70A3D8 00000000 5
0 3 33 00000000 00000000 5
0 3 34 00000000 00000000 5
0 3 35 00000000 00000000 5
0 3 36 00000000 00000000 5
0 3 37 00000000 00000000 5
0 3 38 00000000 00000000 5
0 3 39 00000000 00000000 5
0 3 40 00000000 00000000 5
0 3 41 00000000 00000000 5
0 3 42 00000000 00000000 5
0 3 43 00000000 00000000 5
0 3 44 00000000 00000000 5
0 3 45 00000000 00000000 5
0 3 46 00000000 00000000 5
0 3 47 00000000 00000000 5
0 3 48 10000000 F0000000 5
0 3 49 00000000 00000000 5
0 3 50 00000000 00000000 5
0 3 51 00000000 00000000 5
0 3 52 00000000 00000000 5
0 3 53 00000000 00000000 5
0 3 54 00000000 00000000 5
0 3 55 00000000 00000000 5
0 3 56 00000000 00000000 5
0 3 57 00000000 00000000 5
0 3 58 00000000 00000000 5
0 3 59 00000000 00000000 5
0 3 60 00000000 00000000 5
0 3 61 00000000 00000000 5
0 3 62 00000000 00000000 5
0 3 63 00000000 00000000 5
0 4 0 FFED8C26 023933AB 5
0 4 1 014CAA4E FE910FE6 5
0 4 2 FE3477C9 00B5E44B 5
0 4 3 001D99E7 FC7C89CB 5
0 4 4 02BBE8C2 02BD22CC 5
0 4 5 FCEEF1F9 01209AA8 5
0 4 6 03AE6032 01927636 5
0 4 7 01EBA008 02923DB1 5
0 4 8 FC3E7443 0082AA64 5
0 4 9 FD43A878 FB11D51C 5
0 4 10 028A36DB FA9EC3B3 5
0 4 11 FAF88443 F537B51D 5
0 4 12 FE7DCFFB 0C955EF5 5
0 4 13 0079805F 013A878F 5
0 4 14 FDF6AB9A 03526D3F 5
0 4 15 FFBF7621 FCB41872 5
0 4 16 FD7A423D FDF6587A 5
0 4 17 FA02D0C7 FBCEF6A3 5
0 4 18 00837829 0A4FD8D9 5
0 4 19 F8EC7B26 01B52DEB 5
0 4 20 FD5F35D3 FDCF0E39 5
0 4 21 F9870B8C 054D2CAF 5
0 4 22 FE832718 05EB7A95 5
0 4 23 02C5DC86 0673E304 5
0 4 24 01562CF0 FA12E2A8 5
0 4 25 FDFFE1F3 012F85E7 5
0 4 26 FDB8D8B1 FC053D79 5
0 4 27 00457453 01FC9E94 5
0 4 28 00AE4091 0417DCA9 5
0 4 29 F8AE06FF 012CE806 5
0 4 30 FCC24703 FF806D83 5
0 4 31 FD5964B2 0271E02D 5
0 4 32 FD6DE5C2 FA512599 5
0 4 33 058AE112 04A0D256 5
0 4 34 02B8ABCD 05C08949 5
0 4 35 00E1A23D 03492C4F 5
0 4 36 005BC636 F669D2CE 5
0 4 37 FB8D8873 00ABD110 5
0 4 38 01F69770 FF962C86 5
0 4 39 F9801B40 FBBBEA6F 5
0 4 40 028DE3BD 02E25CA6 5
0 4 41 012ADF48 F9C383FA 5
0 4 42 00ECDF05 04C28901 5
0 4 43 FF87B22B FD1F834B 5
0 4 44 FFE43EF7 FA9FD7F7 5
0 4 45 01DA9A99 FC7C38B5 5
0 4 46 006D356E FD811871 5
0 4 47 05E8AB8D FE5F834C 5
0 4 48 04955B33 F5182A66 5
0 4 49 0010BFC7 FBDE70DF 5
0 4 50 01A4B8D5 053716DF 5
0 4 51 FE042548 FDA6821F 5
0 4 52 FDE49A91 FE858AE5 5
0 4 53 017B9972 068F5FCF 5
0 4 54 FB404712 000209D3 5
0 4 55 F60A07EA FDAAA88C 5
0 4 56 FDCC99C8 03C1F8DC 5
0 4 57 FAD99BCF 0041A2EF 5
0 4 58 032580B1 FB6E4697 5
0 4 59 01405AA9 004B9EAE 5
0 4 60 FF7E9CA3 FDB9F0E5 5
0 4 61 0468BBE3 002C6ADA 5
0 4 62 041299D5 0076A313 5
0 4 63 F972CEF2 FA1FF48F 5
0 5 0 00000000 00000000 5
0 5 1 0000015F FFFFF359 5
0 5 2 00000000 00000000 5
0 5 3 10A3D2FD 00000876 5
0 5 4 00000000 00000000 5
0 5 5 F0A3CD93 00000930 5
0 5 6 00000000 00000000 5
0 5 7 00000700 FFFFF630 5
0 5 8 00000000 00000000 5
0 5 9 000000AD 00000541 5
0 5 10 00000000 00000000 5
0 5 11 FFFFFD6D F5C2906B 5
0 5 12 00000000 00000000 5
0 5 13 FFFFFE2F FFFFFFC0 5
0 5 14 00000000 00000000 5
0 5 15 FFFFFE5D FFFFFC2F 5
0 5 16 00000000 00000000 5
0 5 17 00000047 000001DA 5
0 5 18 00000000 00000000 5
0 5 19 FFFFFC05 00000393 5
0 5 20 00000000 00000000 5
0 5 21 FFFFFEC3 FFFFF9BC 5
0 5 22 00000000 00000000 5
0 5 23 00000166 FFFFFDF3 5
0 5 24 00000000 00000000 5
0 5 25 FFFFFFEF 00000173 5
0 5 26 00000000 00000000 5
0 5 27 FFFFFAA2 000000D6 5
0 5 28 00000000 00000000 5
0 5 29 0000020B FFFFFEA7 5
0 5 30 00000000 00000000 5
0 5 31 0000021D FFFFFF1F 5
0 5 32 00000000 00000000 5
0 5 33 FFFFFF89 00000165 5
0 5 34 00000000 00000000 5
0 5 35 FFFFFF6D FFFFFF72 5
0 5 36 00000000 00000000 5
0 5 37 00000419 FFFFFAC2 5
0 5 38 00000000 00000000 5
0 5 39 00000284 00000048 5
0 5 40 00000000 00000000 5
0 5 41 FFFFFED3 00000189 5
0 5 42 00000000 00000000 5
0 5 43 FFFFFB77 FFFFFDFB 5
0 5 44 00000000 00000000 5
0 5 45 FFFFFF39 FFFFFCEE 5
0 5 46 00000000 00000000 5
0 5 47 000002DD 00000201 5
0 5 48 00000000 00000000 5
0 5 49 FFFFFBC9 00000216 5
0 5 50 00000000 00000000 5
0 5 51 FFFFFCF7 FFFFF885 5
0 5 52 00000000 00000000 5
0 5 53 000005B7 0A3D72E0 5
0 5 54 00000000 00000000 5
0 5 55 00000344 000007B7 5
0 5 56 00000000 00000000 5
0 5 57 0000046F 000005F1 5
0 5 58 00000000 00000000 5
0 5 59 0F5C2B90 00000300 5
0 5 60 00000000 00000000 5
0 5 61 10A3D79B FFFFFDDD 5
0 5 62 00000000 00000000 5
0 5 63 000003F9 FFFFFFA9 5
0 6 0 2E147AE2 E8F5C290 5
0 6 1 00000000 00000000 5
0 6 2 00000000 00000000 5
0 6 3 00000000 00000000 5
0 6 4 00000000 00000000 5
0 6 5 00000000 00000000 5
0 6 6 00000000 00000000 5
0 6 7 00000000 00000000 5
0 6 8 00000000 00000000 5
0 6 9 00000000 00000000 5
0 6 10 00000000 00000000 5
0 6 11 00000000 00000000 5
0 6 12 00000000 00000000 5
0 6 13 00000000 00000000 5
0 6 14 00000000 00000000 5
0 6 15 00000000 00000000 5
0 6 16 00000000 00000000 5
0 6 17 00000000 00000000 5
0 6 18 00000000 00000000 5
0 6 19 00000000 00000000 5
0 6 20 00000000 00000000 5
0 6 21 00000000 00000000 5
0 6 22 00000000 00000000 5
0 6 23 00000000 00000000 5
0 6 24 00000000 00000000 5
0 6 25 00000000 00000000 5
0 6 26 00000000 00000000 5
0 6 27 00000000 00000000 5
0 6 28 00000000 00000000 5
0 6 29 00000000 00000000 5
0 6 30 00000000 00000000 5
0 6 31 00000000 00000000 5
0 6 32 00000000 00000000 5
0 6 33 00000000 00000000 5
0 6 34 00000000 00000000 5
0 6 35 00000000 00000000 5
0 6 36 00000000 00000000 5
0 6 37 00000000 00000000 5
0 6 38 00000000 00000000 5
0 6 39 00000000 00000000 5
0 6 40 00000000 00000000 5
0 6 41 00000000 00000000 5
0 6 42 00000000 00000000 5
0 6 43 00000000 00000000 5
0 6 44 00000000 00000000 5
0 6 45 00000000 00000000 5
0 6 46 00000000 00000000 5
0 6 47 00000000 00000000 5
0 6 48 00000000 00000000 5
0 6 49 00000000 00000000 5
0 6 50 00000000 00000000 5
0 6 51 00000000 00000000 5
0 6 52 00000000 00000000 5
0 6 53 00000000 00000000 5
0 6 54 00000000 00000000 5
0 6 55 00000000 00000000 5
0 6 56 00000000 00000000 5
0 6 57 00000000 00000000 5
0 6 58 00000000 00000000 5
0 6 59 00000000 00000000 5
0 6 60 00000000 00000000 5
0 6 61 00000000 00000000 5
0 6 62 00000000 00000000 5
0 6 63 00000000 00000000 5
0 7 0 FF000043 00FFFFBC 5
0 7 1 00E6E7C2 FF013C42 5
0 7 2 FF31F235 00FB13BD 5
0 7 3 00B5AFCF FF0B0640 5
0 7 4 FF61F829 00EC83C1 5
0 7 5 008751DB FF1E3A3B 5
0 7 6 FF8E3A1D 00D4DBC7 5
0 7 7 005D97E6 FF3A1C33 5
0 7 8 FFB50413 00B503D0 5
0 7 9 003A1BEF FF5D982A 5
0 7 10 FFD4DC0A 008E39DA 5
0 7 11 001E39F7 FF87521F 5
0 7 12 FFEC8404 0061F7E6 5
0 7 13 000B05FC FFB5B013 5
0 7 14 FFFB1400 0031F1F2 5
0 7 15 00013BFE FFE6E806 5
0 7 16 FFFFFFFF 00000000 5
0 7 17 00013BFE 001917FA 5
0 7 18 FFFB1400 FFCE0E0E 5
0 7 19 000B05FC 004A4FED 5
0 7 20 FFEC8404 FF9E081A 5
0 7 21 001E39F7 0078ADE1 5
0 7 22 FFD4DC0A FF71C626 5
0 7 23 003A1BEF 00A267D6 5
0 7 24 FFB50413 FF4AFC30 5
0 7 25 005D97E6 00C5E3CD 5
0 7 26 FF8E3A1D FF2B2439 5
0 7 27 008751DB 00E1C5C5 5
0 7 28 FF61F829 FF137C3F 5
0 7 29 00B5AFCF 00F4F9C0 5
0 7 30 FF31F235 FF04EC43 5
0 7 31 00E6E7C2 00FEC3BE 5
0 7 32 FF000043 FF000044 5
0 7 33 011917B6 00FEC3BE 5
0 7 34 FECE0E51 FF04EC43 5
0 7 35 014A4FA9 00F4F9C0 5
0 7 36 FE9E085D FF137C3F 5
0 7 37 0178AD9D 00E1C5C5 5
0 7 38 FE71C669 FF2B2439 5
0 7 39 01A26792 00C5E3CD 5
0 7 40 FE4AFC73 FF4AFC30 5
0 7 41 01C5E389 00A267D6 5
0 7 42 FE2B247C FF71C626 5
0 7 43 01E1C581 0078ADE1 5
0 7 44 FE137C82 FF9E081A 5
0 7 45 01F4F97C 004A4FED 5
0 7 46 FE04EC86 FFCE0E0E 5
0 7 47 01FEC37A 001917FA 5
0 7 48 FE000087 00000000 5
0 7 49 01FEC37A FFE6E806 5
0 7 50 FE04EC86 0031F1F2 5
0 7 51 01F4F97C FFB5B013 5
0 7 52 FE137C82 0061F7E6 5
0 7 53 01E1C581 FF87521F 5
0 7 54 FE2B247C 008E39DA 5
0 7 55 01C5E389 FF5D982A 5
0 7 56 FE4AFC73 00B503D0 5
0 7 57 01A26792 FF3A1C33 5
0 7 58 FE71C669 00D4DBC7 5
0 7 59 0178AD9D FF1E3A3B 5
0 7 60 FE9E085D 00EC83C1 5
0 7 61 014A4FA9 FF0B0640 5
0 7 62 FECE0E51 00FB13BD 5
0 7 63 011917B6 FF013C42 5
0 8 0 018E9700 FFF8823F 5
0 8 1 01A2C5A2 0055D920 5
0 8 2 01C59420 00C3392C 5
0 8 3 01FFDB67 015900B1 5
0 8 4 026A46E8 025237DD 5
0 8 5 0363F0CD 048F21DC 5
0 8 6 092372CF 122CA3B4 5
0 8 7 FD2AAD00 F4AED03E 5
0 8 8 00E74785 FBF339F0 5
0 8 9 10F10B18 03FC44BD 5
0 8 10 FD7CBCFD FC920244 5
0 8 11 FEF99983 FD909317 5
0 8 12 FF7C7B2A FE07A234 5
0 8 13 FFC1F30C FE539998 5
0 8 14 FFEDFCE8 FE8A3839 5
0 8 15 000CB5A6 FEB42CF3 5
0 8 16 00239009 FED5E5F8 5
0 8 17 00355962 FEF1EC4D 5
0 8 18 0043A860 FF09C428 5
0 8 19 004F79B6 FF1E8937 5
0 8 20 0059773A FF30E7E3 5
0 8 21 00620729 FF416720 5
0 8 22 00697BC3 FF506637 5
0 8 23 00701A69 FF5E3697 5
0 8 24 007604FF FF6B12BA 5
0 8 25 007B6805 FF771A2E 5
0 8 26 0080430D FF828449 5
0 8 27 0084BE0A FF8D59EA 5
0 8 28 0088ECF8 FF97C92E 5
0 8 29 008CD880 FFA1E13F 5
0 8 30 00908ADC FFABBA39 5
0 8 31 00940A99 FFB55EC6 5
0 8 32 00976116 FFBEE2C7 5
0 8 33 009A9924 FFC857BC 5
0 8 34 009DBBB6 FFD1C964 5
0 8 35 00A0C3D1 FFDB4CE3 5
0 8 36 00A3C394 FFE4ECB7 5
0 8 37 00A6BACF FFEEBA6A 5
0 8 38 00A9B097 FFF8BFC8 5
0 8 39 00ACA6F0 00032E9C 5
0 8 40 00AFB009 000DF324 5
0 8 41 00B2C460 00194097 5
0 8 42 00B5FF89 00253C0C 5
0 8 43 00B963E3 0031EFC5 5
0 8 44 00BD0F0C 003F9F80 5
0 8 45 00C10E2A 004E79D8 5
0 8 46 00C59420 005ECB71 5
0 8 47 00CAE422 0070E927 5
0 8 48 00D1615B 00854762 5
0 8 49 00D9DBF0 009C89B7 5
0 8 50 00E5D84A 00B76F20 5
0 8 51 00F8904C 00D6C1E1 5
0 8 52 011AD2BC 00FAB873 5
0 8 53 0169C75F 011DF086 5
0 8 54 029413E9 0106761D 5
0 8 55 EE8ABF47 09FB38D9 5
0 8 56 FD4184E1 054B3660 5
0 8 57 FB599357 0BD1B280 5
0 8 58 07FF65CD EE10C17B 5
0 8 59 029CC79C FB8CF574 5
0 8 60 01DF46BC FDB6A150 5
0 8 61 01A0EC10 FEA42EF9 5
0 8 62 018A0BBA FF32D773 5
0 8 63 0186082F FF9C589E 5
1 9 0 00000000 00000000 8
1 9 1 FFFFFF7F 00000270 8
1 9 2 00000000 00000000 8
1 9 3 0000002F 000002AC 8
1 9 4 00000000 00000000 8
1 9 5 0000008C 000001B0 8
1 9 6 00000000 00000000 8
1 9 7 00000070 FFFFFCFB 8
1 9 8 00000000 00000000 8
1 9 9 FFFFFE85 FFFFFCB1 8
1 9 10 00000000 00000000 8
1 9 11 00000038 000002BD 8
1 9 12 00000000 00000000 8
1 9 13 00000087 000006FB 8
1 9 14 00000000 00000000 8
1 9 15 000008A1 00000925 8
1 9 16 00000000 00000000 8
1 9 17 11EB83F2 FFFFFA9A 8
1 9 18 00000000 00000000 8
1 9 19 00000042 000003A9 8
1 9 20 00000000 00000000 8
1 9 21 00000086 FFFFF7C9 8
1 9 22 00000000 00000000 8
1 9 23 00000107 FFFFFA3D 8
1 9 24 00000000 00000000 8
1 9 25 00000092 0000050B 8
1 9 26 00000000 00000000 8
1 9 27 0000004D 00000958 8
1 9 28 00000000 00000000 8
1 9 29 00000083 FFFFFCFE 8
1 9 30 00000000 00000000 8
1 9 31 147AD41F 00001067 8
1 9 32 00000000 00000000 8
1 9 33 0000036F 000003D2 8
1 9 34 00000000 00000000 8
1 9 35 0000005B FFFFF7B9 8
1 9 36 00000000 00000000 8
1 9 37 0000007F FFFFFE15 8
1 9 38 00000000 00000000 8
1 9 39 FFFFFE78 00000457 8
1 9 40 00000000 00000000 8
1 9 41 FFFFFFDC 000001FA 8
1 9 42 00000000 00000000 8
1 9 43 00000070 FFFFFD7A 8
1 9 44 00000000 00000000 8
1 9 45 0000007E FFFFFE96 8
1 9 46 00000000 00000000 8
1 9 47 FFFFF5D1 FFFFF8E0 8
1 9 48 00000000 00000000 8
1 9 49 00000587 FFFFFEF9 8
1 9 50 00000000 00000000 8
1 9 51 0000008F FFFFFE96 8
1 9 52 00000000 00000000 8
1 9 53 0000007C FFFFFEE2 8
1 9 54 00000000 00000000 8
1 9 55 FFFFFEEF 0000011D 8
1 9 56 00000000 00000000 8
1 9 57 FFFFFFB7 00000147 8
1 9 58 00000000 00000000 8
1 9 59 000000C9 FFFFFF0B 8
1 9 60 00000000 00000000 8
1 9 61 0000007A FFFFFF14 8
1 9 62 00000000 00000000 8
1 9 63 FFFFFFF0 FFFFFBE2 8
1 9 64 00000000 00000000 8
1 9 65 000002D1 FFFFFF54 8
1 9 66 00000000 00000000 8
1 9 67 0000014D FFFFFF47 8
1 9 68 00000000 00000000 8
1 9 69 00000079 FFFFFF37 8
1 9 70 00000000 00000000 8
1 9 71 FFFFFDA1 00000032 8
1 9 72 00000000 00000000 8
1 9 73 FFFFFFA8 000000F2 8
1 9 74 00000000 00000000 8
1 9 75 000003DA FFFFFF6E 8
1 9 76 00000000 00000000 8
1 9 77 00000076 FFFFFF56 8
1 9 78 00000000 00000000 8
1 9 79 00000054 F70A4842 8
1 9 80 00000000 00000000 8
1 9 81 FFFFFB05 FFFFFC5E 8
1 9 82 00000000 00000000 8
1 9 83 FFFFFC31 FFFFFF87 8
1 9 84 00000000 00000000 8
1 9 85 00000076 FFFFFF6D 8
1 9 86 00000000 00000000 8
1 9 87 00000201 00000101 8
1 9 88 00000000 00000000 8
1 9 89 FFFFFFA0 000000BE 8
1 9 90 00000000 00000000 8
1 9 91 FFFFFEC0 FFFFFF97 8
1 9 92 00000000 00000000 8
1 9 93 00000073 FFFFFF7F 8
1 9 94 00000000 00000000 8
1 9 95 FFFFFA26 000007DD 8
1 9 96 00000000 00000000 8
1 9 97 FFFFFF0F FFFFFE1C 8
1 9 98 00000000 00000000 8
1 9 99 FFFFFF42 FFFFFFA3 8
1 9 100 00000000 00000000 8
1 9 101 00000072 FFFFFF8F 8
1 9 102 00000000 00000000 8
1 9 103 00000096 0000008D 8
1 9 104 00000000 00000000 8
1 9 105 FFFFFF9A 00000097 8
1 9 106 00000000 00000000 8
1 9 107 FFFFFF7B FFFFFFAF 8
1 9 108 00000000 00000000 8
1 9 109 00000071 FFFFFF9C 8
1 9 110 00000000 00000000 8
1 9 111 FFFFFFAB FFFFFDDD 8
1 9 112 00000000 00000000 8
1 9 113 00000348 FFFFFF9F 8
1 9 114 00000000 00000000 8
1 9 115 FFFFFF9A FFFFFFB5 8
1 9 116 00000000 00000000 8
1 9 117 0000006F FFFFFFAA 8
1 9 118 00000000 00000000 8
1 9 119 00000051 0000006A 8
1 9 120 00000000 00000000 8
1 9 121 FFFFFF98 0000007B 8
1 9 122 00000000 00000000 8
1 9 123 FFFFFFAF FFFFFFBB 8
1 9 124 00000000 00000000 8
1 9 125 0000006E FFFFFFB4 8
1 9 126 00000000 00000000 8
1 9 127 FFFFFEF4 FFFFFFE6 8
1 9 128 00000000 00000000 8
1 9 129 00000182 0000005E 8
1 9 130 00000000 00000000 8
1 9 131 FFFFFFBE FFFFFFC0 8
1 9 132 00000000 00000000 8
1 9 133 0000006D FFFFFFBD 8
1 9 134 00000000 00000000 8
1 9 135 00000033 00000057 8
1 9 136 00000000 00000000 8
1 9 137 FFFFFF94 00000063 8
1 9 138 00000000 00000000 8
1 9 139 FFFFFFC8 FFFFFFC4 8
1 9 140 00000000 00000000 8
1 9 141 0000006C FFFFFFC6 8
1 9 142 00000000 00000000 8
1 9 143 00000060 FFFFFC55 8
1 9 144 00000000 00000000 8
1 9 145 FFFFFEA2 000001EB 8
1 9 146 00000000 00000000 8
1 9 147 FFFFFFD0 FFFFFFC8 8
1 9 148 00000000 00000000 8
1 9 149 0000006B FFFFFFCF 8
1 9 150 00000000 00000000 8
1 9 151 00000023 0000004B 8
1 9 152 00000000 00000000 8
1 9 153 FFFFFF93 00000052 8
1 9 154 00000000 00000000 8
1 9 155 FFFFFFD7 FFFFFFCA 8
1 9 156 00000000 00000000 8
1 9 157 00000069 FFFFFFD7 8
1 9 158 00000000 00000000 8
1 9 159 00000140 000002AF 8
1 9 160 00000000 00000000 8
1 9 161 FFFFFE50 000001F6 8
1 9 162 00000000 00000000 8
1 9 163 FFFFFFDC FFFFFFCB 8
1 9 164 00000000 00000000 8
1 9 165 00000069 FFFFFFDF 8
1 9 166 00000000 00000000 8
1 9 167 00000018 00000043 8
1 9 168 00000000 00000000 8
1 9 169 FFFFFF93 0000003F 8
1 9 170 00000000 00000000 8
1 9 171 FFFFFFE0 FFFFFFCF 8
1 9 172 00000000 00000000 8
1 9 173 00000068 FFFFFFE4 8
1 9 174 00000000 00000000 8
1 9 175 FFFFFDD8 FFFFFCEB 8
1 9 176 00000000 00000000 8
1 9 177 FFFFFFCE 00000104 8
1 9 178 00000000 00000000 8
1 9 179 FFFFFFE4 FFFFFFD0 8
1 9 180 00000000 00000000 8
1 9 181 00000066 FFFFFFEB 8
1 9 182 00000000 00000000 8
1 9 183 00000010 0000003E 8
1 9 184 00000000 00000000 8
1 9 185 FFFFFF93 00000033 8
1 9 186 00000000 00000000 8
1 9 187 FFFFFFE7 FFFFFFD1 8
1 9 188 00000000 00000000 8
1 9 189 00000066 FFFFFFF1 8
1 9 190 00000000 00000000 8
1 9 191 FFFFFF88 FFFFFFBB 8
1 9 192 00000000 00000000 8
1 9 193 000000F1 000000C2 8
1 9 194 00000000 00000000 8
1 9 195 FFFFFFEA FFFFFFD3 8
1 9 196 00000000 00000000 8
1 9 197 00000063 FFFFFFF6 8
1 9 198 00000000 00000000 8
1 9 199 0000000A 00000039 8
1 9 200 00000000 00000000 8
1 9 201 FFFFFF90 00000024 8
1 9 202 00000000 00000000 8
1 9 203 FFFFFFED FFFFFFD5 8
1 9 204 00000000 00000000 8
1 9 205 00000062 FFFFFFFD 8
1 9 206 00000000 00000000 8
1 9 207 FFFFFEC7 FFFFFE2F 8
1 9 208 00000000 00000000 8
1 9 209 FFFFFFA1 FFFFFDB7 8
1 9 210 00000000 00000000 8
1 9 211 FFFFFFEF FFFFFFD5 8
1 9 212 00000000 00000000 8
1 9 213 00000062 00000003 8
1 9 214 00000000 00000000 8
1 9 215 00000006 00000036 8
1 9 216 00000000 00000000 8
1 9 217 FFFFFF90 00000016 8
1 9 218 00000000 00000000 8
1 9 219 FFFFFFF1 FFFFFFD7 8
1 9 220 00000000 00000000 8
1 9 221 0000005F 00000008 8
1 9 222 00000000 00000000 8
1 9 223 FFFFFCA3 000000C6 8
1 9 224 00000000 00000000 8
1 9 225 0000081F 00000455 8
1 9 226 00000000 00000000 8
1 9 227 FFFFFFF5 FFFFFFD7 8
1 9 228 00000000 00000000 8
1 9 229 0000005E 0000000E 8
1 9 230 00000000 00000000 8
1 9 231 00000001 00000033 8
1 9 232 00000000 00000000 8
1 9 233 FFFFFF91 0000000B 8
1 9 234 00000000 00000000 8
1 9 235 FFFFFFF6 FFFFFFD8 8
1 9 236 00000000 00000000 8
1 9 237 0000005D 00000012 8
1 9 238 00000000 00000000 8
1 9 239 000009FE 00000415 8
1 9 240 00000000 00000000 8
1 9 241 00000216 000001A7 8
1 9 242 00000000 00000000 8
1 9 243 FFFFFFF7 FFFFFFD9 8
1 9 244 00000000 00000000 8
1 9 245 0000005C 00000018 8
1 9 246 00000000 00000000 8
1 9 247 FFFFFFFD 00000031 8
1 9 248 00000000 00000000 8
1 9 249 FFFFFF91 FFFFFFFD 8
1 9 250 00000000 00000000 8
1 9 251 FFFFFFF9 FFFFFFD8 8
1 9 252 00000000 00000000 8
1 9 253 0000005C 0000001C 8
1 9 254 00000000 00000000 8
1 9 255 FFFFFFBA FFFFFFB0 8
1 9 256 00000000 00000000 8
1 9 257 0000007F 00000106 8
1 9 258 00000000 00000000 8
1 9 259 FFFFFFFB FFFFFFD8 8
1 9 260 00000000 00000000 8
1 9 261 0000005A 00000020 8
1 9 262 00000000 00000000 8
1 9 263 FFFFFFFA 0000002F 8
1 9 264 00000000 00000000 8
1 9 265 FFFFFF93 FFFFFFEF 8
1 9 266 00000000 00000000 8
1 9 267 FFFFFFFE FFFFFFD9 8
1 9 268 00000000 00000000 8
1 9 269 00000059 00000025 8
1 9 270 00000000 00000000 8
1 9 271 0000010B FFFFFF0B 8
1 9 272 00000000 00000000 8
1 9 273 FFFFF5CE 0000055C 8
1 9 274 00000000 00000000 8
1 9 275 FFFFFFFE FFFFFFD9 8
1 9 276 00000000 00000000 8
1 9 277 00000056 0000002B 8
1 9 278 00000000 00000000 8
1 9 279 FFFFFFF9 0000002D 8
1 9 280 00000000 00000000 8
1 9 281 FFFFFF94 FFFFFFE3 8
1 9 282 00000000 00000000 8
1 9 283 FFFFFFFF FFFFFFDA 8
1 9 284 00000000 00000000 8
1 9 285 00000055 00000030 8
1 9 286 00000000 00000000 8
1 9 287 00000733 FFFFFC3D 8
1 9 288 00000000 00000000 8
1 9 289 FFFFFD43 00000014 8
1 9 290 00000000 00000000 8
1 9 291 00000001 FFFFFFD9 8
1 9 292 00000000 00000000 8
1 9 293 00000053 00000037 8
1 9 294 00000000 00000000 8
1 9 295 FFFFFFF4 0000002B 8
1 9 296 00000000 00000000 8
1 9 297 FFFFFF96 FFFFFFD4 8
1 9 298 00000000 00000000 8
1 9 299 00000002 FFFFFFDA 8
1 9 300 00000000 00000000 8
1 9 301 00000050 0000003C 8
1 9 302 00000000 00000000 8
1 9 303 000000BB FFFFFC8C 8
1 9 304 00000000 00000000 8
1 9 305 FFFFFF7B 000002DB 8
1 9 306 00000000 00000000 8
1 9 307 00000003 FFFFFFDA 8
1 9 308 00000000 00000000 8
1 9 309 0000004E 00000040 8
1 9 310 00000000 00000000 8
1 9 311 FFFFFFF1 0000002B 8
1 9 312 00000000 00000000 8
1 9 313 FFFFFF97 FFFFFFC7 8
1 9 314 00000000 00000000 8
1 9 315 00000005 FFFFFFD9 8
1 9 316 00000000 00000000 8
1 9 317 0000004C 00000048 8
1 9 318 00000000 00000000 8
1 9 319 FFFFFFD4 FFFFFFA6 8
1 9 320 00000000 00000000 8
1 9 321 FFFFFFFF 00000144 8
1 9 322 00000000 00000000 8
1 9 323 00000005 FFFFFFD9 8
1 9 324 00000000 00000000 8
1 9 325 00000049 0000004F 8
1 9 326 00000000 00000000 8
1 9 327 FFFFFFEF 0000002A 8
1 9 328 00000000 00000000 8
1 9 329 FFFFFF9A FFFFFFB6 8
1 9 330 00000000 00000000 8
1 9 331 00000006 FFFFFFD8 8
1 9 332 00000000 00000000 8
1 9 333 00000046 00000056 8
1 9 334 00000000 00000000 8
1 9 335 FFFFFE58 FFFFFF46 8
1 9 336 00000000 00000000 8
1 9 337 00000121 FFFFFE3E 8
1 9 338 00000000 00000000 8
1 9 339 00000007 FFFFFFD9 8
1 9 340 00000000 00000000 8
1 9 341 00000042 0000005D 8
1 9 342 00000000 00000000 8
1 9 343 FFFFFFED 0000002B 8
1 9 344 00000000 00000000 8
1 9 345 FFFFFFA0 FFFFFFA4 8
1 9 346 00000000 00000000 8
1 9 347 00000008 FFFFFFD7 8
1 9 348 00000000 00000000 8
1 9 349 0000003D 00000065 8
1 9 350 00000000 00000000 8
1 9 351 FFFFFCFA FFFFFE3F 8
1 9 352 00000000 00000000 8
1 9 353 00000187 FFFFFE78 8
1 9 354 00000000 00000000 8
1 9 355 0000000A FFFFFFD7 8
1 9 356 00000000 00000000 8
1 9 357 00000038 0000006D 8
1 9 358 00000000 00000000 8
1 9 359 FFFFFFE8 0000002D 8
1 9 360 00000000 00000000 8
1 9 361 FFFFFFA6 FFFFFF8F 8
1 9 362 00000000 00000000 8
1 9 363 0000000B FFFFFFD5 8
1 9 364 00000000 00000000 8
1 9 365 00000031 00000076 8
1 9 366 00000000 00000000 8
1 9 367 00000249 000000ED 8
1 9 368 00000000 00000000 8
1 9 369 000000AC 0000051F 8
1 9 370 00000000 00000000 8
1 9 371 0000000C FFFFFFD5 8
1 9 372 00000000 00000000 8
1 9 373 00000029 00000080 8
1 9 374 00000000 00000000 8
1 9 375 FFFFFFE5 0000002E 8
1 9 376 00000000 00000000 8
1 9 377 FFFFFFB4 FFFFFF73 8
1 9 378 00000000 00000000 8
1 9 379 0000000D FFFFFFD3 8
1 9 380 00000000 00000000 8
1 9 381 0000001E 0000008C 8
1 9 382 00000000 00000000 8
1 9 383 FFFFFFDE FFFFFF92 8
1 9 384 00000000 00000000 8
1 9 385 FFFFFF04 00000172 8
1 9 386 00000000 00000000 8
1 9 387 0000000E FFFFFFD0 8
1 9 388 00000000 00000000 8
1 9 389 00000011 00000097 8
1 9 390 00000000 00000000 8
1 9 391 FFFFFFE3 00000031 8
1 9 392 00000000 00000000 8
1 9 393 FFFFFFCE FFFFFF4D 8
1 9 394 00000000 00000000 8
1 9 395 00000010 FFFFFFCE 8
1 9 396 00000000 00000000 8
1 9 397 FFFFFFFC 000000A6 8
1 9 398 00000000 00000000 8
1 9 399 0000011C FFFFFFEF 8
1 9 400 00000000 00000000 8
1 9 401 FFFFFCD6 FFFFFE7B 8
1 9 402 00000000 00000000 8
1 9 403 00000012 FFFFFFCA 8
1 9 404 00000000 00000000 8
1 9 405 FFFFFFDD 000000B7 8
1 9 406 00000000 00000000 8
1 9 407 FFFFFFDD 00000037 8
1 9 408 00000000 00000000 8
1 9 409 0000000F FFFFFF14 8
1 9 410 00000000 00000000 8
1 9 411 00000013 FFFFFFC6 8
1 9 412 00000000 00000000 8
1 9 413 FFFFFFA5 000000CB 8
1 9 414 00000000 00000000 8
1 9 415 FFFFFCE8 0000015D 8
1 9 416 00000000 00000000 8
1 9 417 FFFFF9E8 FFFFF9C2 8
1 9 418 00000000 00000000 8
1 9 419 00000016 FFFFFFC1 8
1 9 420 00000000 00000000 8
1 9 421 FFFFFF21 000000E3 8
1 9 422 00000000 00000000 8
1 9 423 FFFFFFD6 00000043 8
1 9 424 00000000 00000000 8
1 9 425 00000173 FFFFFE85 8
1 9 426 00000000 00000000 8
1 9 427 00000016 FFFFFFB9 8
1 9 428 00000000 00000000 8
1 9 429 FFFFFC92 00000102 8
1 9 430 00000000 00000000 8
1 9 431 000006B6 FFFFFBB7 8
1 9 432 00000000 00000000 8
1 9 433 FFFFFFE6 08F5B9EA 8
1 9 434 00000000 00000000 8
1 9 435 00000018 FFFFFFB0 8
1 9 436 00000000 00000000 8
1 9 437 0000043C 0000012B 8
1 9 438 00000000 00000000 8
1 9 439 FFFFFFCE 00000058 8
1 9 440 00000000 00000000 8
1 9 441 FFFFFD09 FFFFFF31 8
1 9 442 00000000 00000000 8
1 9 443 0000001B FFFFFFA3 8
1 9 444 00000000 00000000 8
1 9 445 000001AE 00000161 8
1 9 446 00000000 00000000 8
1 9 447 FFFFFF90 FFFFFF27 8
1 9 448 00000000 00000000 8
1 9 449 FFFFFF2F 00000630 8
1 9 450 00000000 00000000 8
1 9 451 0000001C FFFFFF8D 8
1 9 452 00000000 00000000 8
1 9 453 0000012B 000001B2 8
1 9 454 00000000 00000000 8
1 9 455 FFFFFFBE 00000083 8
1 9 456 00000000 00000000 8
1 9 457 FFFFFE4E FFFFFE14 8
1 9 458 00000000 00000000 8
1 9 459 0000001F FFFFFF71 8
1 9 460 00000000 00000000 8
1 9 461 000000F2 00000241 8
1 9 462 00000000 00000000 8
1 9 463 00000049 FFFFFD81 8
1 9 464 00000000 00000000 8
1 9 465 000003B1 00000471 8
1 9 466 00000000 00000000 8
1 9 467 00000021 FFFFFF3D 8
1 9 468 00000000 00000000 8
1 9 469 000000D2 0000037D 8
1 9 470 00000000 00000000 8
1 9 471 FFFFFF9C 000000FA 8
1 9 472 00000000 00000000 8
1 9 473 FFFFFDC4 FFFFFA90 8
1 9 474 00000000 00000000 8
1 9 475 00000023 FFFFFEDB 8
1 9 476 00000000 00000000 8
1 9 477 000000BF 0000096A 8
1 9 478 00000000 00000000 8
1 9 479 FFFFFAD9 FFFFF5E4 8
1 9 480 00000000 00000000 8
1 9 481 147AD243 FFFFF2A9 8
1 9 482 00000000 00000000 8
1 9 483 00000027 FFFFFDE7 8
1 9 484 00000000 00000000 8
1 9 485 000000B0 FFFFF802 8
1 9 486 00000000 00000000 8
1 9 487 FFFFFEED 000003B3 8
1 9 488 00000000 00000000 8
1 9 489 00000035 00000427 8
1 9 490 00000000 00000000 8
1 9 491 00000028 FFFFF8E2 8
1 9 492 00000000 00000000 8
1 9 493 000000A7 FFFFFE02 8
1 9 494 00000000 00000000 8
1 9 495 EE147FFC FFFFFB3B 8
1 9 496 00000000 00000000 8
1 9 497 00000524 FFFFFC1B 8
1 9 498 00000000 00000000 8
1 9 499 0000002D 00000853 8
1 9 500 00000000 00000000 8
1 9 501 0000009C FFFFFF6C 8
1 9 502 00000000 00000000 8
1 9 503 00000109 FFFFFABF 8
1 9 504 00000000 00000000 8
1 9 505 FFFFFF59 0000003D 8
1 9 506 00000000 00000000 8
1 9 507 00000031 00000364 8
1 9 508 00000000 00000000 8
1 9 509 00000098 0000005A 8
1 9 510 00000000 00000000 8
1 9 511 000006BC 0000055C 8
1 10 0 FE0FA9AA FFB4C01F 8
1 10 1 FEB716C5 FE1C731D 8
1 10 2 00D130D6 0005CF85 8
1 10 3 FFE7887E FF911B00 8
1 10 4 017FADE5 FF7F5D3B 8
1 10 5 FD90340E 000F8E53 8
1 10 6 0061DF28 00FD8E13 8
1 10 7 0162A860 00D12B0E 8
1 10 8 FF405B08 00873ACE 8
1 10 9 013DFD0D 016E42C6 8
1 10 10 FF9FE840 FF442D86 8
1 10 11 FFA4BE9A FFDBF263 8
1 10 12 FFE610E7 FDE1F191 8
1 10 13 FE067F2D FF607488 8
1 10 14 FDFD9633 0169DC38 8
1 10 15 0076C0EC FE8DC67D 8
1 10 16 01383560 FFFBA1C6 8
1 10 17 FD26015A FE90190A 8
1 10 18 006F7F3A FF784F9F 8
1 10 19 FE8AE218 019FCF04 8
1 10 20 FF0F19A1 0067C706 8
1 10 21 FE76F9BB 01BBA48C 8
1 10 22 FFA717F6 0035B531 8
1 10 23 FDE1A550 01DDBCF4 8
1 10 24 02363B28 01C62FEB 8
1 10 25 FF5D47B0 FF1015D7 8
1 10 26 009FF3DC 01C8D0F0 8
1 10 27 00008602 001AE130 8
1 10 28 FEEA540C 009F3846 8
1 10 29 0241298E 017B7B4F 8
1 10 30 00783561 FE54819C 8
1 10 31 00AC830E FED57046 8
1 10 32 01228C8A 00C4FFDA 8
1 10 33 00973BA8 02A9A964 8
1 10 34 01BBAE01 0176083A 8
1 10 35 FFDCCCB7 FF84831A 8
1 10 36 FCA6F520 00C7C921 8
1 10 37 0019225C FF7CCED2 8
1 10 38 0063C2AC 00A5786B 8
1 10 39 FF2FBEE0 FFAC47D3 8
1 10 40 012F9895 FFC21B5C 8
1 10 41 FE5562B3 0158C58C 8
1 10 42 FF45A80C 01C64583 8
1 10 43 01D9EBE1 0008935D 8
1 10 44 FFC65EF2 FE7D8D8A 8
1 10 45 01E0BB86 FF99EA71 8
1 10 46 FEF2BEAF 01066B9B 8
1 10 47 FEEB2CD8 00825893 8
1 10 48 00D17FFA FF83CDCD 8
1 10 49 00B66C39 00A86485 8
1 10 50 FEF63536 00793910 8
1 10 51 FF245036 FF6F088E 8
1 10 52 0052A328 FFDE1611 8
1 10 53 0046457B FE63776A 8
1 10 54 FFF7095D FFC05064 8
1 10 55 FF91470E FFFC3AE8 8
1 10 56 011B8837 0076422A 8
1 10 57 012CCDE4 FF06B8B2 8
1 10 58 00BA1179 FFBE9B7B 8
1 10 59 0125DDE7 FEB11DED 8
1 10 60 00534D21 0147B82E 8
1 10 61 FF1110C2 0246C70B 8
1 10 62 0300A2D8 013F089C 8
1 10 63 FCE16CA7 FF27FAAA 8
1 10 64 FFA33974 FF63CB79 8
1 10 65 0043A57E 00FEA078 8
1 10 66 FE439B76 FFB06552 8
1 10 67 FEBD5646 FFE8F587 8
1 10 68 00469B5F FFCC53C5 8
1 10 69 FC61C85D FFE37BE0 8
1 10 70 FDF97B8B FFC64098 8
1 10 71 FE8A3F54 FE219BFA 8
1 10 72 002552E9 03215F15 8
1 10 73 FFD01564 008BFD63 8
1 10 74 0074EDBB FF20A6FC 8
1 10 75 FE640BAF 026BE801 8
1 10 76 FDEA8883 0101E45F 8
1 10 77 00481DED 005021A8 8
1 10 78 FF158B61 FE823753 8
1 10 79 003F4103 00BF1EAE 8
1 10 80 00E9D165 FF9DCC30 8
1 10 81 01140DE1 FCD5D706 8
1 10 82 00319EFA 01212C60 8
1 10 83 FE2AF442 FE3A1D92 8
1 10 84 FE25E7F6 0130B689 8
1 10 85 0158857C FF947D4A 8
1 10 86 01590901 00FBDDCD 8
1 10 87 FF71603C 005A48A0 8
1 10 88 FEE4AB8C 00900F9C 8
1 10 89 03249C44 F9C88342 8
1 10 90 0006F4FD 0034C50F 8
1 10 91 FF8AF703 0271C49C 8
1 10 92 FAC4A9A9 00EA4042 8
1 10 93 FF990882 0069C5E2 8
1 10 94 FF08ADE5 FF1313BE 8
1 10 95 001837A0 01AED73C 8
1 10 96 FFA72359 002C295B 8
1 10 97 FD9B9BC1 0045C860 8
1 10 98 FE086A13 0028DF6C 8
1 10 99 FE6BCC0B FF1B42E0 8
1 10 100 00DE30AC FDE5E39A 8
1 10 101 FF297FA1 FFF27132 8
1 10 102 FF8C65C2 019D61A6 8
1 10 103 00BC9201 FFE90C8F 8
1 10 104 FFF1EB15 0075AFAD 8
1 10 105 011D369B FDACDFF5 8
1 10 106 FF90FD6C FFD9E3AE 8
1 10 107 FFC76FC5 01BCBE52 8
1 10 108 FD027D9D FFFA8DC9 8
1 10 109 02560EFC FF72A8BE 8
1 10 110 FFC0BD32 009F96E1 8
1 10 111 0086AB33 0172C7CE 8
1 10 112 0058E140 02401902 8
1 10 113 00E9F04A 01839C74 8
1 10 114 FDECF82D FDA474B7 8
1 10 115 FD0045C3 019BDFCF 8
1 10 116 0059AE14 FFA06A3C 8
1 10 117 FF8BF14F 015B5EE2 8
1 10 118 00F6B892 0254E35C 8
1 10 119 FFEAA382 01DDFB16 8
1 10 120 0212C319 FFC31E95 8
1 10 121 0010645F 006668F7 8
1 10 122 FF3EB441 00E2F2B1 8
1 10 123 FDD98DA0 00D14363 8
1 10 124 008D66B7 00846684 8
1 10 125 FE8F1FF8 0017CC20 8
1 10 126 009A38D0 0486D325 8
1 10 127 FF5E99F1 FF77F2A1 8
1 10 128 FF04323D 002AF98B 8
1 10 129 00928283 0029B160 8
1 10 130 FEB382E2 FF91DB35 8
1 10 131 FA2639F3 0479DA67 8
1 10 132 00587DE4 FE62BF11 8
1 10 133 FFDCE411 00CBCB34 8
1 10 134 FE980E70 FEB111D0 8
1 10 135 0087F4E8 00221DCC 8
1 10 136 FE8A5F64 00986666 8
1 10 137 01046F4F 001E564D 8
1 10 138 FF9F180A FE96C4DA 8
1 10 139 FFA67342 FFF2ABB8 8
1 10 140 00764C3F FFEC0546 8
1 10 141 00BD95D2 0087D4DE 8
1 10 142 002607CD 009A6D9A 8
1 10 143 003CDE00 00E0977F 8
1 10 144 FC81CE06 0028DC24 8
1 10 145 FEBAA0B6 FFED2EDB 8
1 10 146 FF2BAA97 00086608 8
1 10 147 FF138E38 FFB2231E 8
1 10 148 FD9EF75E FFEE4EE3 8
1 10 149 022E2CD8 FF8CE2E8 8
1 10 150 027C8871 FEFBAA73 8
1 10 151 02162971 FE339971 8
1 10 152 00A05991 FECA0D3B 8
1 10 153 0030A87C FF9A2F62 8
1 10 154 FFB4AE0E 0135D12A 8
1 10 155 02A65192 007F1C65 8
1 10 156 FD353FE6 FDC0B56C 8
1 10 157 FE539AC4 FF6899D2 8
1 10 158 00132592 00714345 8
1 10 159 FF5F43E1 FE80B430 8
1 10 160 FE2DC0C7 FE066833 8
1 10 161 041E9D5B 022CF759 8
1 10 162 020C0E33 010A37AF 8
1 10 163 00789BD2 002F67C6 8
1 10 164 014F3B61 FEB7B73F 8
1 10 165 017B82C3 0178F517 8
1 10 166 00B324EE FD78C9AA 8
1 10 167 02F81EEA FE7FB3DF 8
1 10 168 FEF12F10 FF31AC58 8
1 10 169 00FCCA11 00895612 8
1 10 170 FFA28557 004DFB68 8
1 10 171 0030B0C7 FF7952E1 8
1 10 172 FF52ECED FF6F71B2 8
1 10 173 FDC21FF0 FADDD568 8
1 10 174 01E27C52 018AAA0B 8
1 10 175 FF1DB116 00A0BA4E 8
1 10 176 01221E1B FF241570 8
1 10 177 00EC2766 FEC32783 8
1 10 178 02065D7F FB0B744F 8
1 10 179 FDCA8E74 FF2900F6 8
1 10 180 02B343ED FE168ECD 8
1 10 181 00BFF578 01E9B5E3 8
1 10 182 0022B3D0 012876B7 8
1 10 183 FF59824D 00375C3B 8
1 10 184 00E0A5C5 FF0193C5 8
1 10 185 0135C840 FFEC22B4 8
1 10 186 FEF5D062 03DD2FF4 8
1 10 187 007EAB3D 04DDCA35 8
1 10 188 FF62704A FD6192A3 8
1 10 189 FF371724 00A1A1C0 8
1 10 190 FEBC9C7C FEA96AFB 8
1 10 191 01EE3064 02272795 8
1 10 192 012F5EC1 0186F2C0 8
1 10 193 FF3CB2A9 02267F46 8
1 10 194 FEF00D46 FEB261BA 8
1 10 195 FF9B41B5 FFAAAC50 8
1 10 196 FC10D6B8 00978E31 8
1 10 197 02C879FA FC4A508C 8
1 10 198 FE79FB83 FFF17E31 8
1 10 199 007902E1 FF0E7363 8
1 10 200 027B2DDE 00BA927C 8
1 10 201 00DDB847 FE0FABC4 8
1 10 202 00AFE0CE FF53156F 8
1 10 203 021053EC FD785674 8
1 10 204 0060E3A4 FEF492A1 8
1 10 205 FF209EB9 0116761D 8
1 10 206 FE9C2C24 00634BA2 8
1 10 207 00DAA84B 00039935 8
1 10 208 01380020 01071824 8
1 10 209 02044004 FFCFF10F 8
1 10 210 FF078366 FDF593E3 8
1 10 211 02C42A20 021A5D14 8
1 10 212 02777474 015C6ED2 8
1 10 213 FF5A2B92 FFC4D7B1 8
1 10 214 FE1B8BC5 00CBD143 8
1 10 215 FFC374BE 00A47A99 8
1 10 216 0076C230 016E4718 8
1 10 217 FEB5E337 FCC28445 8
1 10 218 00059FF1 007F3482 8
1 10 219 02167329 00D8E578 8
1 10 220 01A95935 FF47E33A 8
1 10 221 0069DC46 008CFA22 8
1 10 222 FD9E910E 01CEB56E 8
1 10 223 FE7C0513 FE36E170 8
1 10 224 FF99F838 012B7C0D 8
1 10 225 FD5A7D22 FCA00DF9 8
1 10 226 00DB11A0 01B415C4 8
1 10 227 00EE44CE 008B0006 8
1 10 228 FF0A12E3 FEFB2E36 8
1 10 229 FF82BAE3 0007A6B9 8
1 10 230 003580B1 FF6FB4CD 8
1 10 231 FFD9F0DB FFABD68F 8
1 10 232 FEE32B37 FD9D7758 8
1 10 233 01D46531 000D2A01 8
1 10 234 00546E99 FFAC7853 8
1 10 235 FF3E0BA6 FE940922 8
1 10 236 FFE79922 00EF2107 8
1 10 237 00B14DEF 019E9B51 8
1 10 238 002392B1 00412F1A 8
1 10 239 FE859C49 006D13FE 8
1 10 240 01901D2F FECF64F7 8
1 10 241 00AD302E 0031029F 8
1 10 242 02DD1A90 013CB660 8
1 10 243 0271A3C2 00182515 8
1 10 244 FF9854EA 0032D5BB 8
1 10 245 008B225C 008DAEEB 8
1 10 246 0064761E FE8EC9B3 8
1 10 247 FE862BD5 00457D1F 8
1 10 248 FF132256 00677D1E 8
1 10 249 FE445D5E FE3123CD 8
1 10 250 01A33167 01C40E66 8
1 10 251 FF95A91F FF1EE151 8
1 10 252 FFFCE839 021F4AE0 8
1 10 253 0099297D FF4E7653 8
1 10 254 00BBD243 FF164E80 8
1 10 255 002BCE9D 01669464 8
1 10 256 014AA9D8 FF79ED95 8
1 10 257 FE6D0CCF 008C159B 8
1 10 258 013BFCB8 00278E35 8
1 10 259 0080B8D6 00BF4D46 8
1 10 260 FFD1ACEF 01581181 8
1 10 261 FF9D1EC2 012A4FDB 8
1 10 262 00267C7E 0088788D 8
1 10 263 0385C10C 0104A9F0 8
1 10 264 00ACA2C6 FF239FA0 8
1 10 265 011A671F FED35D00 8
1 10 266 FFDDA52C 01121CA0 8
1 10 267 FE77E970 FFFAE56B 8
1 10 268 002257A9 FED3B149 8
1 10 269 0122CF63 02ADC076 8
1 10 270 00D0F4C5 020F7C98 8
1 10 271 FFC66B02 005D5C67 8
1 10 272 FF4C267C 00263AAA 8
1 10 273 FF6C2D9E FE30603E 8
1 10 274 FFD93D02 FFB31C8F 8
1 10 275 00F128B2 022ADF96 8
1 10 276 00199223 020DCAA8 8
1 10 277 01364F31 00F06C14 8
1 10 278 00B9788A FECF73B7 8
1 10 279 007C0BA8 00DAE9D0 8
1 10 280 000FED08 01C32AAD 8
1 10 281 01FD2A94 FF9BBD47 8
1 10 282 FFA330D2 015AC16E 8
1 10 283 00D774C4 FE51DD24 8
1 10 284 022987BA FF6BFCF2 8
1 10 285 FF388D16 00483703 8
1 10 286 FEC23653 FCDA576C 8
1 10 287 01935D7E FC3C91AE 8
1 10 288 FF3E5A04 00A557B2 8
1 10 289 FF8A3974 0018C81E 8
1 10 290 006DA915 004F303C 8
1 10 291 013B477B 0006435A 8
1 10 292 0334B82A 00C8F4E9 8
1 10 293 FF5435BC 007E2912 8
1 10 294 0003F324 0046FB5D 8
1 10 295 FF74B87C 04DD457B 8
1 10 296 FFF3A8CD FFCDC1E8 8
1 10 297 0052FD6B 01672B9C 8
1 10 298 FEF01AA2 FEFED5E9 8
1 10 299 00D40585 006C9827 8
1 10 300 FFE69218 00A7403C 8
1 10 301 FFEA5E62 01E7F843 8
1 10 302 00E46E35 00AFB591 8
1 10 303 00C72F2E 0024B805 8
1 10 304 FD7447E2 00CFC21B 8
1 10 305 01338345 FFEDFB17 8
1 10 306 004F7D58 001D243C 8
1 10 307 00CCA552 0036621E 8
1 10 308 FF8100D8 013C48D7 8
1 10 309 FEE85D21 FFF80AB6 8
1 10 310 00738D91 FFD6DAAE 8
1 10 311 FF796C50 FF369FEA 8
1 10 312 0144A029 FF50CA0E 8
1 10 313 01B2B6FE 00773CAA 8
1 10 314 00F8FFD3 01490413 8
1 10 315 029477AD 026F13B9 8
1 10 316 FE4867BF FE2F95BE 8
1 10 317 FE617C32 010D60DD 8
1 10 318 FEED30B4 013D6E86 8
1 10 319 00746C07 FED2460E 8
1 10 320 FE3C92AA FF6B07E3 8
1 10 321 FC78C0C0 FD844758 8
1 10 322 02EEB5F6 02C3CFA4 8
1 10 323 0184AAF0 0365AAE3 8
1 10 324 015DA901 003A4C01 8
1 10 325 00BF7D5B FD66C986 8
1 10 326 01010073 FE1C8714 8
1 10 327 012A1B6C FE3A17CA 8
1 10 328 00C58A0B 025D050B 8
1 10 329 0069DED8 0005A21B 8
1 10 330 00FDD3CF 0026EF32 8
1 10 331 02414E23 01AF1CF5 8
1 10 332 FFE01977 FFC70E03 8
1 10 333 00C550D9 002FE072 8
1 10 334 00615C7B FB4E54B5 8
1 10 335 FFF7FAB9 FF5E0FB4 8
1 10 336 007805D9 FE5F0CEA 8
1 10 337 016C805F 01A1F122 8
1 10 338 01A4225A FF33B5F0 8
1 10 339 0194A828 FC54B140 8
1 10 340 FF3AC922 00329FA3 8
1 10 341 00AD3120 004133E4 8
1 10 342 FDE989F3 FF6BDBED 8
1 10 343 FFA5715E 01128CC4 8
1 10 344 0010BD3C FEB81C42 8
1 10 345 01C81B1E FFBE4158 8
1 10 346 FF98BABD FF5EF87B 8
1 10 347 0023E1E9 FF36FC2C 8
1 10 348 00693FBB 038F0564 8
1 10 349 006447C2 010BFB5C 8
1 10 350 FFD38F39 003D8DD6 8
1 10 351 FC665146 FDF3771C 8
1 10 352 00C1D07B FF10A7F9 8
1 10 353 FFFF28CB FECB9178 8
1 10 354 01E7B121 FD76666E 8
1 10 355 FFB58CCD 00DDB15A 8
1 10 356 03569AAE FDDB14AA 8
1 10 357 FFB6E9AB 0063D496 8
1 10 358 FFE3DDB0 00446B5C 8
1 10 359 FF56D5E7 FFC00F81 8
1 10 360 FFCE0AE7 FF902BA9 8
1 10 361 FF7B3883 01B93CC1 8
1 10 362 FFB38728 FF197298 8
1 10 363 FEF087C7 00A482CA 8
1 10 364 0152001D 010BA981 8
1 10 365 0055D5B0 00F653F0 8
1 10 366 016531FC 008F2EE9 8
1 10 367 0125FFFF FF5162BC 8
1 10 368 05634210 FD8CC44A 8
1 10 369 FD1C26D2 010F4738 8
1 10 370 FF37904F FF623D57 8
1 10 371 FCE024FF FEA4001F 8
1 10 372 FFC82C16 01346B76 8
1 10 373 FE806D87 FE901058 8
1 10 374 00E12226 FFF7D626 8
1 10 375 007AE7A8 0146E04C 8
1 10 376 0142DF37 0265BA5F 8
1 10 377 00E0FAA5 022D0A13 8
1 10 378 00900091 FECF80D1 8
1 10 379 009F9550 FE310DAB 8
1 10 380 FDB2742F FE51FE3A 8
1 10 381 05B14AE0 02EF8C6E 8
1 10 382 00C6A86A 0138BE29 8
1 10 383 0017E19D FF1BE4F5 8
1 10 384 009A1FAF 00F3D775 8
1 10 385 FF8FF7E3 FF674718 8
1 10 386 0014FFFC 059DEDE1 8
1 10 387 FF6C6D25 010D83C1 8
1 10 388 000E04CE 0064B115 8
1 10 389 FF428881 000FE9BC 8
1 10 390 011943D6 006A9A72 8
1 10 391 006F1228 FF6ED0DA 8
1 10 392 FE55E53E 0020EDD8 8
1 10 393 011676C9 0254F16F 8
1 10 394 FEE7E948 FF6CDD42 8
1 10 395 00BC2030 009ED6A6 8
1 10 396 FF8412E1 00E1860A 8
1 10 397 FFCDDCA8 FF1C4002 8
1 10 398 03651E03 FBECB598 8
1 10 399 FFF8F91A 01B94B7D 8
1 10 400 FFA0F426 00409340 8
1 10 401 FF76B622 FE87E64F 8
1 10 402 0051994B 01009B42 8
1 10 403 FFD01BBC FF317E9E 8
1 10 404 FEFF1FBC 014AD9F5 8
1 10 405 FF732638 016792AA 8
1 10 406 FEDAFF4B 005C5791 8
1 10 407 01F9636F 0088ECC9 8
1 10 408 FF4D829B 0168EFA7 8
1 10 409 0128CB62 FF76F468 8
1 10 410 01CAE3C2 0020AF94 8
1 10 411 FF2F0F50 00C1C3C1 8
1 10 412 FF542636 005F1320 8
1 10 413 020177C0 00D99DEC 8
1 10 414 FF9BC394 00E33A27 8
1 10 415 02CE3567 FF1C2510 8
1 10 416 FEF880A9 00777F73 8
1 10 417 005BDE5F FE33F2DB 8
1 10 418 FF2685DB FC488D5F 8
1 10 419 002B4E0A 00C38FD0 8
1 10 420 F9FF3D07 FF348879 8
1 10 421 FFC240B3 023B4EF3 8
1 10 422 01423C6E 009B7A50 8
1 10 423 004E28E0 0567E1E9 8
1 10 424 FFD33AAA FE8D7198 8
1 10 425 00C891FB FF51FD12 8
1 10 426 003841EB FF96226C 8
1 10 427 FE53A309 FFEA6591 8
1 10 428 00045905 FECEA064 8
1 10 429 001B7DB4 01D18D34 8
1 10 430 014EF890 01CB2813 8
1 10 431 FF681510 FFF8AAC4 8
1 10 432 0053476F FED3494E 8
1 10 433 00FB8092 FF7A7C99 8
1 10 434 FFA36379 FFC4D943 8
1 10 435 FFDF2E92 002937FE 8
1 10 436 00A88315 FDA31397 8
1 10 437 FCFB5DB4 FFCC3599 8
1 10 438 0029B60E FF8467DB 8
1 10 439 006417E5 FFACF419 8
1 10 440 0051E3C9 FFD2EE67 8
1 10 441 FE5B432A 01944E34 8
1 10 442 FF023750 011F240A 8
1 10 443 FF86F483 00458A7D 8
1 10 444 00245142 00B7EC9D 8
1 10 445 0211870E FE56E39A 8
1 10 446 FF9F3878 00B45A81 8
1 10 447 FF89F1E8 007AA9B9 8
1 10 448 FE35C4CF FF79E192 8
1 10 449 FDA69E7B 014A1B70 8
1 10 450 02E5F2DC FECEA4DA 8
1 10 451 025D9E41 001F0C5E 8
1 10 452 023184A6 FF5CF5C3 8
1 10 453 01596F04 03D54D46 8
1 10 454 0180FCF1 008E27F3 8
1 10 455 01D5CA1B 0098D1F5 8
1 10 456 FFFB2FA6 FF98E214 8
1 10 457 017760DF 0040ADAA 8
1 10 458 FFFB6070 FECD215F 8
1 10 459 FFED8394 008692A0 8
1 10 460 FFDE867C FED71DCD 8
1 10 461 FFF4D60F 004F0885 8
1 10 462 01431026 FC60EE24 8
1 10 463 0093D883 008F718F 8
1 10 464 01316BB4 00844E98 8
1 10 465 00B08942 0124B235 8
1 10 466 FEB6C318 009D55ED 8
1 10 467 01B1EDD4 013E79BA 8
1 10 468 0118DC1A FF92CD44 8
1 10 469 0111960E 00B619C5 8
1 10 470 FDD929B1 FEEDDE77 8
1 10 471 FF7C1346 FFD60A2D 8
1 10 472 008D20CC FF5540DC 8
1 10 473 FE665521 0056F035 8
1 10 474 FFBF8BA9 00BBF7D2 8
1 10 475 0117C123 FE1DBA72 8
1 10 476 FC319A3D FC33C3F6 8
1 10 477 FF545934 FF16AFDC 8
1 10 478 005B9B08 FEAA0896 8
1 10 479 FF7071D1 FD406058 8
1 10 480 00E08B4E FFA42275 8
1 10 481 00933F26 0045EF95 8
1 10 482 0136820E FED2AEFE 8
1 10 483 00D046C4 007B0964 8
1 10 484 FF933A5B FFC59DE0 8
1 10 485 00786BE7 FFE132D9 8
1 10 486 FF000F3B 0081775B 8
1 10 487 FE327643 FFE2557B 8
1 10 488 025DDDCD FECAF9C8 8
1 10 489 005EFFCD FF902717 8
1 10 490 FEB516C7 01CEFDB1 8
1 10 491 016E1562 008EE618 8
1 10 492 FF94F89E FD749123 8
1 10 493 FE07D5E3 FE4A304D 8
1 10 494 00CDDAED 00A48176 8
1 10 495 00C9FCAF FE182EFC 8
1 10 496 028AEC7F FFE8CB65 8
1 10 497 FEE953F0 00D9AAEF 8
1 10 498 FFBB4BE0 01A5E178 8
1 10 499 0174A518 FD66B0D3 8
1 10 500 FF35DCD6 01F056D5 8
1 10 501 FD8E33D2 0204BF2D 8
1 10 502 FE85BB5C 006B2793 8
1 10 503 01E1B471 FF569911 8
1 10 504 0023DFAC FF4FCCB2 8
1 10 505 01AF4368 009B3857 8
1 10 506 00595F33 00B82B94 8
1 10 507 FEF18523 000F1343 8
1 10 508 004C2FFB 0029A400 8
1 10 509 00826105 013FB98F 8
1 10 510 0224B909 FF97F6E6 8
1 10 511 00661BBD 0159CBCC 8
1 11 0 001CCCCC FFE28F5C 8
1 11 1 00032F44 000E82D3 8
1 11 2 00360D24 000F2274 8
1 11 3 001D85AE FFE29197 8
1 11 4 0002D611 000DE0D3 8
1 11 5 0035AC5F 000FC037 8
1 11 6 001E3EA2 FFE29896 8
1 11 7 000280B1 000D3CA2 8
1 11 8 00354724 00105AF0 8
1 11 9 001EF727 FFE2A397 8
1 11 10 00022FD4 000C9657 8
1 11 11 0034DECC 0010F3BD 8
1 11 12 001FAF8E FFE2B393 8
1 11 13 0001E2B4 000BEE47 8
1 11 14 00347213 0011899F 8
1 11 15 00206768 FFE2C812 8
1 11 16 000199C7 000B4433 8
1 11 17 00340262 00121CC8 8
1 11 18 00211E93 FFE2E125 8
1 11 19 0001551E 000A986F 8
1 11 20 00338EDB 0012AD41 8
1 11 21 0021D54C FFE2FE32 8
1 11 22 000114C9 0009EAEF 8
1 11 23 003317BD 00133ABE 8
1 11 24 00228B25 FFE3203F 8
1 11 25 0000D85A 00093C16 8
1 11 26 00329D1A 0013C554 8
1 11 27 0023403D FFE34642 8
1 11 28 0000A093 00088BD1 8
1 11 29 00321F39 00144CCE 8
1 11 30 0023F3EF FFE37174 8
1 11 31 00006D1E 0007DA1C 8
1 11 32 00319DE6 0014D119 8
1 11 33 0024A6E7 FFE3A051 8
1 11 34 00003E40 00072723 8
1 11 35 0031199A 0015526D 8
1 11 36 0025589E FFE3D3C7 8
1 11 37 0000130E 00067371 8
1 11 38 00309220 0015D04E 8
1 11 39 002608E1 FFE40B8E 8
1 11 40 FFFFED0B 0005BE59 8
1 11 41 0030078A 00164AF1 8
1 11 42 0026B7BB FFE447FD 8
1 11 43 FFFFCAFE 00050880 8
1 11 44 002F7A0C 0016C20F 8
1 11 45 0027653B FFE48852 8
1 11 46 FFFFADF1 000451C7 8
1 11 47 002EE994 00173596 8
1 11 48 002810FF FFE4CCFB 8
1 11 49 FFFF94DE 00039A9C 8
1 11 50 002E566A 0017A547 8
1 11 51 0028BB13 FFE515E8 8
1 11 52 FFFF805F 0002E2C2 8
1 11 53 002DC089 00181200 8
1 11 54 00296323 FFE56308 8
1 11 55 FFFF7063 00022A5B 8
1 11 56 002D27BC 00187A58 8
1 11 57 002A096E FFE5B3E5 8
1 11 58 FFFF6561 000171D7 8
1 11 59 002C8D03 0018DF93 8
1 11 60 002AAD9F FFE60945 8
1 11 61 FFFF5E63 0000B8E2 8
1 11 62 002BEF40 00194059 8
1 11 63 002B4F9F FFE66279 8
1 11 64 FFFF5C28 00000000 8
1 11 65 002B4FA0 00199D88 8
1 11 66 002BEF41 FFE6BFA8 8
1 11 67 FFFF5E63 FFFF471E 8
1 11 68 002AADA0 0019F6BB 8
1 11 69 002C8D03 FFE7206D 8
1 11 70 FFFF6563 FFFE8E2A 8
1 11 71 002A096F 001A4C1B 8
1 11 72 002D27BD FFE785A8 8
1 11 73 FFFF7064 FFFDD5A5 8
1 11 74 00296323 001A9CF8 8
1 11 75 002DC08A FFE7EE00 8
1 11 76 FFFF805F FFFD1D3E 8
1 11 77 0028BB13 001AEA18 8
1 11 78 002E566B FFE85AB9 8
1 11 79 FFFF94DF FFFC6564 8
1 11 80 00281100 001B3305 8
1 11 81 002EE995 FFE8CA6A 8
1 11 82 FFFFADF1 FFFBAE39 8
1 11 83 0027653C 001B77AE 8
1 11 84 002F7A0D FFE93DF1 8
1 11 85 FFFFCAFF FFFAF780 8
1 11 86 0026B7BC 001BB803 8
1 11 87 0030078B FFE9B50F 8
1 11 88 FFFFED0C FFFA41A7 8
1 11 89 002608E2 001BF472 8
1 11 90 00309221 FFEA2FB2 8
1 11 91 0000130E FFF98C8F 8
1 11 92 0025589E 001C2C39 8
1 11 93 0031199B FFEAAD93 8
1 11 94 00003E41 FFF8D8DD 8
1 11 95 0024A6E8 001C5FAE 8
1 11 96 00319DE6 FFEB2EE6 8
1 11 97 00006D1E FFF825E5 8
1 11 98 0023F3F0 001C8E8C 8
1 11 99 00321F39 FFEBB332 8
1 11 100 0000A094 FFF7742E 8
1 11 101 0023403E 001CB9BE 8
1 11 102 00329D1B FFEC3AAC 8
1 11 103 0000D85A FFF6C3EB 8
1 11 104 00228B25 001CDFC1 8
1 11 105 003317BD FFECC542 8
1 11 106 000114C9 FFF61511 8
1 11 107 0021D54D 001D01CE 8
1 11 108 00338EDB FFED52C0 8
1 11 109 0001551E FFF56791 8
1 11 110 00211E93 001D1EDB 8
1 11 111 00340262 FFEDE338 8
1 11 112 000199C7 FFF4BBCD 8
1 11 113 00206769 001D37EE 8
1 11 114 00347214 FFEE7662 8
1 11 115 0001E2B5 FFF411B9 8
1 11 116 001FAF8E 001D4C6D 8
1 11 117 0034DECD FFEF0C43 8
1 11 118 00022FD5 FFF369A9 8
1 11 119 001EF728 001D5C69 8
1 11 120 00354724 FFEFA510 8
1 11 121 000280B2 FFF2C35E 8
1 11 122 001E3EA3 001D676B 8
1 11 123 0035AC5F FFF03FC9 8
1 11 124 0002D611 FFF21F2D 8
1 11 125 001D85AF 001D6E69 8
1 11 126 00360D25 FFF0DD8C 8
1 11 127 00032F45 FFF17D2D 8
1 11 128 001CCCCC 001D70A4 8
1 11 129 00366A54 FFF17D2C 8
1 11 130 00038C74 FFF0DD8B 8
1 11 131 001C13EA 001D6E69 8
1 11 132 0036C388 FFF21F2C 8
1 11 133 0003ED3A FFF03FC9 8
1 11 134 001B5AF6 001D6769 8
1 11 135 003718E8 FFF2C35D 8
1 11 136 00045275 FFEFA50F 8
1 11 137 001AA271 001D5C68 8
1 11 138 003769C5 FFF369A9 8
1 11 139 0004BACD FFEF0C42 8
1 11 140 0019EA0B 001D4C6D 8
1 11 141 0037B6E4 FFF411B9 8
1 11 142 00052785 FFEE7661 8
1 11 143 00193230 001D37ED 8
1 11 144 0037FFD2 FFF4BBCC 8
1 11 145 00059737 FFEDE337 8
1 11 146 00187B06 001D1EDB 8
1 11 147 0038447B FFF56790 8
1 11 148 00060ABE FFED52BF 8
1 11 149 0017C44C 001D01CD 8
1 11 150 003884D0 FFF61510 8
1 11 151 000681DC FFECC541 8
1 11 152 00170E74 001CDFC0 8
1 11 153 0038C13F FFF6C3EA 8
1 11 154 0006FC7E FFEC3AAB 8
1 11 155 0016595B 001CB9BE 8
1 11 156 0038F905 FFF7742E 8
1 11 157 00077A60 FFEBB331 8
1 11 158 0015A5A9 001C8E8B 8
1 11 159 00392C7B FFF825E4 8
1 11 160 0007FBB3 FFEB2EE6 8
1 11 161 0014F2B1 001C5FAE 8
1 11 162 00395B58 FFF8D8DC 8
1 11 163 00087FFF FFEAAD93 8
1 11 164 001440FB 001C2C38 8
1 11 165 0039868B FFF98C8E 8
1 11 166 00090778 FFEA2FB1 8
1 11 167 001390B7 001BF472 8
1 11 168 0039AC8D FFFA41A7 8
1 11 169 0009920E FFE9B50F 8
1 11 170 0012E1DE 001BB803 8
1 11 171 0039CE9A FFFAF77F 8
1 11 172 000A1F8C FFE93DF1 8
1 11 173 0012345D 001B77AE 8
1 11 174 0039EBA8 FFFBAE39 8
1 11 175 000AB004 FFE8CA6A 8
1 11 176 00118899 001B3305 8
1 11 177 003A04BB FFFC6563 8
1 11 178 000B432E FFE85AB8 8
1 11 179 0010DE86 001AEA17 8
1 11 180 003A193A FFFD1D3E 8
1 11 181 000BD910 FFE7EDFF 8
1 11 182 00103676 001A9CF7 8
1 11 183 003A2935 FFFDD5A4 8
1 11 184 000C71DC FFE785A8 8
1 11 185 000F902B 001A4C1A 8
1 11 186 003A3437 FFFE8E29 8
1 11 187 000D0C96 FFE7206D 8
1 11 188 000EEBFA 0019F6BB 8
1 11 189 003A3B36 FFFF471D 8
1 11 190 000DAA58 FFE6BFA7 8
1 11 191 000E49F9 00199D87 8
1 11 192 003A3D70 00000000 8
1 11 193 000E49F9 FFE66278 8
1 11 194 000DAA58 00194058 8
1 11 195 003A3B35 0000B8E2 8
1 11 196 000EEBF9 FFE60944 8
1 11 197 000D0C95 0018DF92 8
1 11 198 003A3436 000171D6 8
1 11 199 000F902A FFE5B3E4 8
1 11 200 000C71DC 00187A57 8
1 11 201 003A2935 00022A5B 8
1 11 202 00103675 FFE56307 8
1 11 203 000BD90F 001811FF 8
1 11 204 003A1939 0002E2C1 8
1 11 205 0010DE85 FFE515E8 8
1 11 206 000B432D 0017A547 8
1 11 207 003A04BA 00039A9C 8
1 11 208 00118899 FFE4CCFA 8
1 11 209 000AB004 00173595 8
1 11 210 0039EBA7 000451C6 8
1 11 211 0012345D FFE48851 8
1 11 212 000A1F8B 0016C20E 8
1 11 213 0039CE9A 00050880 8
1 11 214 0012E1DD FFE447FC 8
1 11 215 0009920E 00164AF0 8
1 11 216 0039AC8D 0005BE58 8
1 11 217 001390B6 FFE40B8D 8
1 11 218 00090778 0015D04E 8
1 11 219 0039868A 00067371 8
1 11 220 001440FB FFE3D3C7 8
1 11 221 00087FFE 0015526C 8
1 11 222 00395B58 00072723 8
1 11 223 0014F2B0 FFE3A051 8
1 11 224 0007FBB3 0014D119 8
1 11 225 00392C7B 0007DA1B 8
1 11 226 0015A5A9 FFE37174 8
1 11 227 00077A5F 00144CCD 8
1 11 228 0038F905 00088BD1 8
1 11 229 0016595B FFE34641 8
1 11 230 0006FC7E 0013C554 8
1 11 231 0038C13E 00093C15 8
1 11 232 00170E73 FFE3203F 8
1 11 233 000681DB 00133ABE 8
1 11 234 003884CF 0009EAEE 8
1 11 235 0017C44C FFE2FE32 8
1 11 236 00060ABD 0012AD40 8
1 11 237 0038447A 000A986F 8
1 11 238 00187B05 FFE2E124 8
1 11 239 00059736 00121CC8 8
1 11 240 0037FFD1 000B4433 8
1 11 241 00193230 FFE2C811 8
1 11 242 00052785 0011899E 8
1 11 243 0037B6E4 000BEE46 8
1 11 244 0019EA0A FFE2B392 8
1 11 245 0004BACC 0010F3BC 8
1 11 246 003769C4 000C9656 8
1 11 247 001AA271 FFE2A397 8
1 11 248 00045274 00105AF0 8
1 11 249 003718E7 000D3CA1 8
1 11 250 001B5AF5 FFE29895 8
1 11 251 0003ED39 000FC036 8
1 11 252 0036C387 000DE0D2 8
1 11 253 001C13EA FFE29196 8
1 11 254 00038C73 000F2274 8
1 11 255 00366A53 000E82D3 8
1 11 256 03F3D70A FFE28F5C 8
1 11 257 00032F44 000E82D3 8
1 11 258 00360D24 000F2274 8
1 11 259 001D85AE FFE29197 8
1 11 260 0002D611 000DE0D3 8
1 11 261 0035AC5F 000FC037 8
1 11 262 001E3EA2 FFE29896 8
1 11 263 000280B1 000D3CA2 8
1 11 264 00354724 00105AF0 8
1 11 265 001EF727 FFE2A397 8
1 11 266 00022FD4 000C9657 8
1 11 267 0034DECC 0010F3BD 8
1 11 268 001FAF8E FFE2B393 8
1 11 269 0001E2B4 000BEE47 8
1 11 270 00347213 0011899F 8
1 11 271 00206768 FFE2C812 8
1 11 272 000199C7 000B4433 8
1 11 273 00340262 00121CC8 8
1 11 274 00211E93 FFE2E125 8
1 11 275 0001551E 000A986F 8
1 11 276 00338EDB 0012AD41 8
1 11 277 0021D54C FFE2FE32 8
1 11 278 000114C9 0009EAEF 8
1 11 279 003317BD 00133ABE 8
1 11 280 00228B25 FFE3203F 8
1 11 281 0000D85A 00093C16 8
1 11 282 00329D1A 0013C554 8
1 11 283 0023403D FFE34642 8
1 11 284 0000A093 00088BD1 8
1 11 285 00321F39 00144CCE 8
1 11 286 0023F3EF FFE37174 8
1 11 287 00006D1E 0007DA1C 8
1 11 288 00319DE6 0014D119 8
1 11 289 0024A6E7 FFE3A051 8
1 11 290 00003E40 00072723 8
1 11 291 0031199A 0015526D 8
1 11 292 0025589E FFE3D3C7 8
1 11 293 0000130E 00067371 8
1 11 294 00309220 0015D04E 8
1 11 295 002608E1 FFE40B8E 8
1 11 296 FFFFED0B 0005BE59 8
1 11 297 0030078A 00164AF1 8
1 11 298 0026B7BB FFE447FD 8
1 11 299 FFFFCAFE 00050880 8
1 11 300 002F7A0C 0016C20F 8
1 11 301 0027653B FFE48852 8
1 11 302 FFFFADF1 000451C7 8
1 11 303 002EE994 00173596 8
1 11 304 002810FF FFE4CCFB 8
1 11 305 FFFF94DE 00039A9C 8
1 11 306 002E566A 0017A547 8
1 11 307 0028BB13 FFE515E8 8
1 11 308 FFFF805F 0002E2C2 8
1 11 309 002DC089 00181200 8
1 11 310 00296323 FFE56308 8
1 11 311 FFFF7063 00022A5B 8
1 11 312 002D27BC 00187A58 8
1 11 313 002A096E FFE5B3E5 8
1 11 314 FFFF6561 000171D7 8
1 11 315 002C8D03 0018DF93 8
1 11 316 002AAD9F FFE60945 8
1 11 317 FFFF5E63 0000B8E2 8
1 11 318 002BEF40 00194059 8
1 11 319 002B4F9F FFE66279 8
1 11 320 FFFF5C28 00000000 8
1 11 321 002B4FA0 00199D88 8
1 11 322 002BEF41 FFE6BFA8 8
1 11 323 FFFF5E63 FFFF471E 8
1 11 324 002AADA0 0019F6BB 8
1 11 325 002C8D03 FFE7206D 8
1 11 326 FFFF6563 FFFE8E2A 8
1 11 327 002A096F 001A4C1B 8
1 11 328 002D27BD FFE785A8 8
1 11 329 FFFF7064 FFFDD5A5 8
1 11 330 00296323 001A9CF8 8
1 11 331 002DC08A FFE7EE00 8
1 11 332 FFFF805F FFFD1D3E 8
1 11 333 0028BB13 001AEA18 8
1 11 334 002E566B FFE85AB9 8
1 11 335 FFFF94DF FFFC6564 8
1 11 336 00281100 001B3305 8
1 11 337 002EE995 FFE8CA6A 8
1 11 338 FFFFADF1 FFFBAE39 8
1 11 339 0027653C 001B77AE 8
1 11 340 002F7A0D FFE93DF1 8
1 11 341 FFFFCAFF FFFAF780 8
1 11 342 0026B7BC 001BB803 8
1 11 343 0030078B FFE9B50F 8
1 11 344 FFFFED0C FFFA41A7 8
1 11 345 002608E2 001BF472 8
1 11 346 00309221 FFEA2FB2 8
1 11 347 0000130E FFF98C8F 8
1 11 348 0025589E 001C2C39 8
1 11 349 0031199B FFEAAD93 8
1 11 350 00003E41 FFF8D8DD 8
1 11 351 0024A6E8 001C5FAE 8
1 11 352 00319DE6 FFEB2EE6 8
1 11 353 00006D1E FFF825E5 8
1 11 354 0023F3F0 001C8E8C 8
1 11 355 00321F39 FFEBB332 8
1 11 356 0000A094 FFF7742E 8
1 11 357 0023403E 001CB9BE 8
1 11 358 00329D1B FFEC3AAC 8
1 11 359 0000D85A FFF6C3EB 8
1 11 360 00228B25 001CDFC1 8
1 11 361 003317BD FFECC542 8
1 11 362 000114C9 FFF61511 8
1 11 363 0021D54D 001D01CE 8
1 11 364 00338EDB FFED52C0 8
1 11 365 0001551E FFF56791 8
1 11 366 00211E93 001D1EDB 8
1 11 367 00340262 FFEDE338 8
1 11 368 000199C7 FFF4BBCD 8
1 11 369 00206769 001D37EE 8
1 11 370 00347214 FFEE7662 8
1 11 371 0001E2B5 FFF411B9 8
1 11 372 001FAF8E 001D4C6D 8
1 11 373 0034DECD FFEF0C43 8
1 11 374 00022FD5 FFF369A9 8
1 11 375 001EF728 001D5C69 8
1 11 376 00354724 FFEFA510 8
1 11 377 000280B2 FFF2C35E 8
1 11 378 001E3EA3 001D676B 8
1 11 379 0035AC5F FFF03FC9 8
1 11 380 0002D611 FFF21F2D 8
1 11 381 001D85AF 001D6E69 8
1 11 382 00360D25 FFF0DD8C 8
1 11 383 00032F45 FFF17D2D 8
1 11 384 001CCCCC 001D70A4 8
1 11 385 00366A54 FFF17D2C 8
1 11 386 00038C74 FFF0DD8B 8
1 11 387 001C13EA 001D6E69 8
1 11 388 0036C388 FFF21F2C 8
1 11 389 0003ED3A FFF03FC9 8
1 11 390 001B5AF6 001D6769 8
1 11 391 003718E8 FFF2C35D 8
1 11 392 00045275 FFEFA50F 8
1 11 393 001AA271 001D5C68 8
1 11 394 003769C5 FFF369A9 8
1 11 395 0004BACD FFEF0C42 8
1 11 396 0019EA0B 001D4C6D 8
1 11 397 0037B6E4 FFF411B9 8
1 11 398 00052785 FFEE7661 8
1 11 399 00193230 001D37ED 8
1 11 400 0037FFD2 FFF4BBCC 8
1 11 401 00059737 FFEDE337 8
1 11 402 00187B06 001D1EDB 8
1 11 403 0038447B FFF56790 8
1 11 404 00060ABE FFED52BF 8
1 11 405 0017C44C 001D01CD 8
1 11 406 003884D0 FFF61510 8
1 11 407 000681DC FFECC541 8
1 11 408 00170E74 001CDFC0 8
1 11 409 0038C13F FFF6C3EA 8
1 11 410 0006FC7E FFEC3AAB 8
1 11 411 0016595B 001CB9BE 8
1 11 412 0038F905 FFF7742E 8
1 11 413 00077A60 FFEBB331 8
1 11 414 0015A5A9 001C8E8B 8
1 11 415 00392C7B FFF825E4 8
1 11 416 0007FBB3 FFEB2EE6 8
1 11 417 0014F2B1 001C5FAE 8
1 11 418 00395B58 FFF8D8DC 8
1 11 419 00087FFF FFEAAD93 8
1 11 420 001440FB 001C2C38 8
1 11 421 0039868B FFF98C8E 8
1 11 422 00090778 FFEA2FB1 8
1 11 423 001390B7 001BF472 8
1 11 424 0039AC8D FFFA41A7 8
1 11 425 0009920E FFE9B50F 8
1 11 426 0012E1DE 001BB803 8
1 11 427 0039CE9A FFFAF77F 8
1 11 428 000A1F8C FFE93DF1 8
1 11 429 0012345D 001B77AE 8
1 11 430 0039EBA8 FFFBAE39 8
1 11 431 000AB004 FFE8CA6A 8
1 11 432 00118899 001B3305 8
1 11 433 003A04BB FFFC6563 8
1 11 434 000B432E FFE85AB8 8
1 11 435 0010DE86 001AEA17 8
1 11 436 003A193A FFFD1D3E 8
1 11 437 000BD910 FFE7EDFF 8
1 11 438 00103676 001A9CF7 8
1 11 439 003A2935 FFFDD5A4 8
1 11 440 000C71DC FFE785A8 8
1 11 441 000F902B 001A4C1A 8
1 11 442 003A3437 FFFE8E29 8
1 11 443 000D0C96 FFE7206D 8
1 11 444 000EEBFA 0019F6BB 8
1 11 445 003A3B36 FFFF471D 8
1 11 446 000DAA58 FFE6BFA7 8
1 11 447 000E49F9 00199D87 8
1 11 448 003A3D70 00000000 8
1 11 449 000E49F9 FFE66278 8
1 11 450 000DAA58 00194058 8
1 11 451 003A3B35 0000B8E2 8
1 11 452 000EEBF9 FFE60944 8
1 11 453 000D0C95 0018DF92 8
1 11 454 003A3436 000171D6 8
1 11 455 000F902A FFE5B3E4 8
1 11 456 000C71DC 00187A57 8
1 11 457 003A2935 00022A5B 8
1 11 458 00103675 FFE56307 8
1 11 459 000BD90F 001811FF 8
1 11 460 003A1939 0002E2C1 8
1 11 461 0010DE85 FFE515E8 8
1 11 462 000B432D 0017A547 8
1 11 463 003A04BA 00039A9C 8
1 11 464 00118899 FFE4CCFA 8
1 11 465 000AB004 00173595 8
1 11 466 0039EBA7 000451C6 8
1 11 467 0012345D FFE48851 8
1 11 468 000A1F8B 0016C20E 8
1 11 469 0039CE9A 00050880 8
1 11 470 0012E1DD FFE447FC 8
1 11 471 0009920E 00164AF0 8
1 11 472 0039AC8D 0005BE58 8
1 11 473 001390B6 FFE40B8D 8
1 11 474 00090778 0015D04E 8
1 11 475 0039868A 00067371 8
1 11 476 001440FB FFE3D3C7 8
1 11 477 00087FFE 0015526C 8
1 11 478 00395B58 00072723 8
1 11 479 0014F2B0 FFE3A051 8
1 11 480 0007FBB3 0014D119 8
1 11 481 00392C7B 0007DA1B 8
1 11 482 0015A5A9 FFE37174 8
1 11 483 00077A5F 00144CCD 8
1 11 484 0038F905 00088BD1 8
1 11 485 0016595B FFE34641 8
1 11 486 0006FC7E 0013C554 8
1 11 487 0038C13E 00093C15 8
1 11 488 00170E73 FFE3203F 8
1 11 489 000681DB 00133ABE 8
1 11 490 003884CF 0009EAEE 8
1 11 491 0017C44C FFE2FE32 8
1 11 492 00060ABD 0012AD40 8
1 11 493 0038447A 000A986F 8
1 11 494 00187B05 FFE2E124 8
1 11 495 00059736 00121CC8 8
1 11 496 0037FFD1 000B4433 8
1 11 497 00193230 FFE2C811 8
1 11 498 00052785 0011899E 8
1 11 499 0037B6E4 000BEE46 8
1 11 500 0019EA0A FFE2B392 8
1 11 501 0004BACC 0010F3BC 8
1 11 502 003769C4 000C9656 8
1 11 503 001AA271 FFE2A397 8
1 11 504 00045274 00105AF0 8
1 11 505 003718E7 000D3CA1 8
1 11 506 001B5AF5 FFE29895 8
1 11 507 0003ED39 000FC036 8
1 11 508 0036C387 000DE0D2 8
1 11 509 001C13EA FFE29196 8
1 11 510 00038C73 000F2274 8
1 11 511 00366A53 000E82D3 8
